55.50
51.46
52.83
50.97
52.83
50.97
52.83
50.97
52.83
50.97
52.83
50.97
52.83
50.97
52.83
50.97
52.83
50.97
52.83
50.97
52.83
50.97
52.83
50.97
52.83
50.97
52.83
50.97
52.83
50.97
51.66
38.22
43.16
45.61
38.22
43.16
38.22
45.61
43.16
38.22
43.16
45.61
43.16
38.22
43.16
38.22
43.16
38.22
43.16
45.61
38.22
45.61
43.16
38.22
43.16
38.22
43.16
38.22
45.61
43.16
38.22
45.61
38.22
43.16
45.61
43.16
38.22
43.16
45.61
38.22
45.61
38.22
45.61
43.16
38.22
43.16
38.22
43.16
45.61
43.16
38.22
43.16
45.61
38.22
43.16
45.61
38.22
43.16
45.61
38.22
43.16
45.61
43.16
45.61
43.16
45.61
43.16
45.61
38.22
43.16
45.61
43.16
45.61
38.22
43.16
45.61
38.22
43.16
45.61
38.22
45.61
36.27
36.57
36.27
36.57
52.53
36.57
36.27
52.53
36.57
36.27
52.53
36.57
52.53
36.27
36.57
36.27
52.53
36.57
36.27
36.57
36.27
36.57
36.27
36.57
36.27
36.57
36.27
36.57
36.27
36.57
36.27
52.53
36.57
52.53
36.57
36.27
36.57
52.53
36.27
36.57
36.27
36.57
52.53
36.57
36.27
52.53
36.27
36.57
52.53
36.57
36.27
36.57
36.27
36.57
36.27
36.57
36.27
36.57
36.27
52.53
36.27
36.57
36.27
36.57
36.27
36.57
36.27
36.57
52.53
36.27
36.57
52.53
36.27
36.57
36.27
52.53
36.57
52.53
36.57
52.53
36.27
36.57
36.27
36.57
52.53
36.57
52.53
36.27
36.57
36.27
36.57
36.27
36.57
45.98
42.85
45.98
42.85
37.18
42.85
37.18
42.85
37.18
42.85
37.18
45.98
37.18
42.85
37.18
42.85
45.98
37.18
45.98
37.18
45.98
37.18
42.85
37.18
45.98
37.18
42.85
37.18
45.98
42.85
45.98
37.18
42.85
37.18
45.98
37.18
45.98
37.18
45.98
42.85
45.98
42.85
37.18
42.85
45.98
37.18
42.85
45.98
42.85
37.18
42.85
37.18
45.98
37.18
42.85
37.18
42.85
45.98
42.85
37.18
45.98
37.18
45.98
42.85
45.98
42.85
45.98
37.18
45.98
37.18
45.98
37.18
45.98
37.18
45.98
37.18
45.98
42.85
37.18
45.98
37.18
45.98
42.85
45.98
42.85
37.18
45.98
42.85
37.18
45.98
42.85
37.18
42.85
37.18
45.98
37.18
38.85
48.71
42.35
46.37
48.71
46.37
48.71
46.37
48.71
46.37
38.85
48.71
46.37
48.71
42.35
48.71
46.37
38.85
48.71
46.37
42.35
48.71
42.35
46.37
38.85
42.35
48.71
42.35
38.85
48.71
46.37
48.71
46.37
42.35
46.37
42.35
46.37
42.35
46.37
38.85
48.71
38.85
48.71
42.35
48.71
46.37
48.71
38.85
46.37
42.35
46.37
42.35
48.71
38.85
48.71
46.37
48.71
42.35
48.71
46.37
48.71
42.35
48.71
46.37
38.85
48.71
38.85
48.71
42.35
46.37
48.71
46.37
38.85
46.37
48.71
46.37
48.71
46.37
42.35
46.37
48.71
42.35
48.71
42.35
46.37
38.85
46.37
48.71
38.85
48.71
46.37
48.71
46.37
38.85
48.71
42.35
46.37
48.71
42.35
46.37
42.35
39.15
46.88
45.33
44.44
46.88
41.85
45.33
46.88
41.85
44.44
46.88
45.33
39.15
46.88
41.85
44.44
46.88
39.15
46.88
41.85
44.44
46.88
41.85
46.88
41.85
46.88
44.44
46.88
44.44
45.33
46.88
39.15
46.88
45.33
39.15
46.88
39.15
46.88
45.33
46.88
44.44
46.88
39.15
45.33
44.44
46.88
44.44
45.33
46.88
39.15
46.88
44.44
46.88
41.85
44.44
46.88
41.85
44.44
46.88
39.15
46.88
41.85
46.88
45.33
39.15
41.85
44.44
46.88
45.33
44.44
46.88
45.33
46.88
45.33
46.88
45.33
39.15
41.85
46.88
39.15
46.88
45.33
46.88
45.33
39.15
46.88
41.85
46.88
41.85
46.88
37.15
41.81
38.05
37.38
41.81
37.15
37.38
44.85
41.81
44.85
37.15
37.38
41.81
37.38
44.85
37.15
37.38
41.81
45.93
44.85
37.15
44.85
37.15
45.93
44.85
41.81
38.05
37.15
38.05
41.81
45.93
41.81
37.15
41.81
37.38
45.93
37.38
45.93
37.15
38.05
37.38
37.15
44.85
37.15
41.81
38.05
45.93
37.38
41.81
37.15
37.38
37.15
38.05
37.38
41.81
37.15
44.85
37.38
41.81
44.85
45.93
44.85
37.15
37.38
41.81
38.05
44.85
41.81
44.85
41.81
37.15
37.38
41.81
44.85
41.81
37.15
41.81
44.85
45.93
38.05
37.15
44.85
37.38
37.15
37.38
44.85
37.38
37.15
44.85
37.38
45.93
37.38
41.81
38.05
45.93
44.85
45.93
37.38
37.15
45.93
37.15
44.85
41.81
44.85
37.38
44.85
41.81
37.38
37.15
41.81
38.05
37.15
41.81
38.05
37.15
38.05
38.65
43.43
38.65
40.10
43.43
35.69
38.65
35.69
40.10
43.43
38.65
43.43
35.69
40.10
43.43
38.65
35.69
40.10
35.69
38.65
43.43
40.10
35.69
38.65
35.69
38.65
40.10
38.65
43.43
35.69
43.43
35.69
43.43
35.69
38.65
43.43
35.69
43.43
38.65
43.43
40.10
35.69
43.43
38.65
35.69
43.43
38.65
35.69
40.10
43.43
38.65
43.43
35.69
38.65
35.69
38.65
40.10
43.43
38.65
35.69
40.10
35.69
43.43
40.10
43.43
35.69
43.43
40.10
35.69
43.43
35.69
43.43
38.65
43.43
35.69
43.43
40.10
35.69
38.65
35.69
43.43
38.65
43.43
38.65
43.43
40.10
38.65
43.43
40.10
35.69
46.65
42.52
40.75
42.52
40.75
42.52
40.75
42.52
40.75
60.57
42.52
40.75
42.52
40.75
46.65
42.52
60.57
40.75
42.52
40.75
60.57
42.52
60.57
42.52
40.75
42.52
40.75
42.52
40.75
42.52
40.75
42.52
40.75
46.65
42.52
46.65
42.52
40.75
42.52
40.75
42.52
46.65
40.75
42.52
40.75
42.52
46.65
42.52
40.75
42.52
40.75
42.52
40.75
42.52
40.75
60.57
42.52
46.65
60.57
42.52
40.75
42.52
40.75
60.57
40.75
42.52
40.75
42.52
40.75
42.52
40.75
42.52
40.75
42.52
46.65
42.52
40.75
42.52
40.75
42.52
40.75
42.52
40.75
42.52
44.51
35.79
44.51
35.79
44.51
35.79
43.09
35.79
44.51
35.79
46.85
35.79
44.51
35.79
43.09
46.85
44.51
35.79
44.51
46.85
43.09
35.79
43.09
35.79
44.51
35.79
44.51
35.79
44.51
35.79
43.09
35.79
43.09
35.79
43.09
35.79
44.51
35.79
46.85
35.79
44.51
35.79
43.09
35.79
44.51
43.09
35.79
44.51
35.79
43.09
44.51
35.79
46.85
35.79
44.51
35.79
43.09
35.79
44.51
35.79
44.51
35.79
44.51
35.79
51.27
39.39
46.83
39.39
51.27
46.83
39.39
51.27
46.83
39.39
46.83
51.27
39.39
51.27
46.83
39.39
51.27
39.39
51.27
39.39
51.27
39.39
51.27
39.39
46.83
39.39
46.83
39.39
51.27
39.39
46.83
51.27
39.39
51.27
39.39
46.83
39.39
46.83
39.39
51.27
46.83
51.27
39.39
46.83
39.39
51.27
39.39
46.83
39.39
51.27
46.83
39.39
51.27
46.83
39.39
51.27
39.39
51.27
39.39
46.83
51.27
46.83
39.39
46.83
39.39
46.83
39.39
46.83
39.39
46.83
51.27
39.39
51.27
39.39
46.83
39.39
46.83
51.27
39.39
51.27
39.39
51.27
39.39
62.05
47.92
54.31
47.92
43.31
47.92
43.31
36.14
47.92
36.14
43.31
47.92
43.31
62.05
36.14
43.31
47.92
36.14
47.92
62.05
36.14
43.31
62.05
36.14
62.05
43.31
36.14
47.92
43.31
62.05
54.31
62.05
54.31
47.58
47.92
47.58
62.05
47.92
54.31
43.31
47.92
43.31
36.14
43.31
36.14
43.31
47.58
43.31
62.05
36.14
62.05
47.92
43.31
36.14
43.31
47.92
62.05
43.31
47.58
43.31
47.92
62.05
47.92
43.31
47.92
47.58
36.14
43.31
47.92
43.31
47.92
54.31
47.92
36.14
47.92
43.31
62.05
47.92
62.05
47.92
54.31
36.14
47.58
43.31
36.14
43.31
62.05
43.31
36.14
43.31
36.14
54.31
43.31
47.58
43.31
47.92
47.58
36.14
43.31
54.31
43.31
54.31
43.31
36.14
62.05
47.92
36.14
54.31
36.14
43.31
54.31
47.92
43.31
54.31
43.31
47.92
43.31
47.92
47.58
43.31
54.31
47.58
53.45
48.05
57.78
53.45
48.05
53.45
61.51
48.05
61.51
53.45
48.05
57.78
61.51
53.45
59.63
61.51
59.63
61.51
53.45
61.51
53.45
61.51
59.63
48.05
58.85
53.45
58.85
48.05
58.85
59.63
53.45
59.63
48.05
53.45
61.51
53.45
61.51
53.45
58.85
57.78
53.45
59.63
48.05
57.78
58.85
61.51
53.45
48.05
57.78
53.45
58.85
53.45
57.78
48.05
59.63
53.45
59.63
58.85
61.51
53.45
48.05
58.85
59.63
48.05
59.63
48.05
53.45
59.63
53.45
48.05
59.63
61.51
58.85
53.45
61.51
57.78
53.45
61.51
57.78
53.45
61.51
57.78
58.85
57.78
48.05
59.63
58.85
61.51
53.45
57.78
53.45
61.51
59.63
48.05
59.63
57.78
59.63
53.45
48.05
58.85
53.45
48.05
58.85
53.45
58.85
40.30
41.69
40.02
63.45
54.35
58.75
52.75
44.60
46.81
53.39
35.21
52.26
59.57
66.57
52.51
53.55
58.26
51.74
53.43
48.29
54.50
58.13
49.55
61.74
50.32
50.82
53.36
46.92
52.58
39.95
51.62
55.53
55.19
56.03
54.62
37.55
43.16
55.27
42.90
42.18
54.60
50.70
50.98
54.97
53.89
66.09
58.75
54.27
56.75
46.60
46.57
52.64
55.96
56.03
52.18
50.29
55.47
54.50
48.87
63.30
48.76
52.02
55.61
55.86
50.62
50.61
50.33
55.61
50.33
55.61
50.33
55.61
50.33
55.61
50.33
55.61
50.33
55.61
50.33
55.61
50.33
55.61
50.33
55.61
50.33
55.61
50.33
55.61
50.33
55.61
50.33
55.28
55.10
51.13
49.61
49.21
40.17
39.94
43.39
54.72
41.79
42.98
57.76
59.11
59.07
56.18
56.10
50.64
46.35
56.10
46.35
50.64
56.10
46.35
56.10
50.64
56.10
46.35
56.10
46.35
56.10
46.35
56.10
50.64
46.35
50.64
56.10
50.64
56.10
46.35
56.10
46.35
56.10
46.35
50.64
56.10
46.35
50.64
56.10
50.64
56.10
46.35
56.10
50.64
46.35
50.64
46.35
50.64
56.10
46.35
56.10
50.64
56.10
46.35
56.10
50.64
56.10
46.35
56.10
50.64
46.35
56.10
50.64
46.35
56.10
50.64
46.35
56.10
50.64
56.10
50.64
56.10
50.64
46.35
56.10
50.64
56.10
50.64
56.10
50.64
46.35
56.10
50.64
46.35
50.64
36.85
35.02
37.46
37.17
29.83
27.19
29.20
29.59
18.99
22.33
37.11
41.58
24.46
29.64
34.81
35.78
31.31
32.50
23.43
28.93
36.19
29.16
28.46
33.24
29.76
27.53
29.44
30.55
37.46
34.23
38.63
25.24
28.37
41.36
31.70
27.00
26.74
28.09
38.11
31.02
37.13
38.93
36.30
32.88
32.26
