2.97
1.52
1.36
2.25
1.36
2.25
1.36
2.25
1.36
2.25
1.36
2.25
1.36
2.25
1.36
2.25
1.36
2.25
1.36
2.25
1.36
2.25
1.36
2.25
1.36
2.25
1.36
2.25
1.36
2.25
1.69
1.28
1.07
1.12
1.28
1.07
1.28
1.12
1.07
1.28
1.07
1.12
1.07
1.28
1.07
1.28
1.07
1.28
1.07
1.12
1.28
1.12
1.07
1.28
1.07
1.28
1.07
1.28
1.12
1.07
1.28
1.12
1.28
1.07
1.12
1.07
1.28
1.07
1.12
1.28
1.12
1.28
1.12
1.07
1.28
1.07
1.28
1.07
1.12
1.07
1.28
1.07
1.12
1.28
1.07
1.12
1.28
1.07
1.12
1.28
1.07
1.12
1.07
1.12
1.07
1.12
1.07
1.12
1.28
1.07
1.12
1.07
1.12
1.28
1.07
1.12
1.28
1.07
1.12
1.28
1.12
0.89
0.91
0.89
0.91
2.15
0.91
0.89
2.15
0.91
0.89
2.15
0.91
2.15
0.89
0.91
0.89
2.15
0.91
0.89
0.91
0.89
0.91
0.89
0.91
0.89
0.91
0.89
0.91
0.89
0.91
0.89
2.15
0.91
2.15
0.91
0.89
0.91
2.15
0.89
0.91
0.89
0.91
2.15
0.91
0.89
2.15
0.89
0.91
2.15
0.91
0.89
0.91
0.89
0.91
0.89
0.91
0.89
0.91
0.89
2.15
0.89
0.91
0.89
0.91
0.89
0.91
0.89
0.91
2.15
0.89
0.91
2.15
0.89
0.91
0.89
2.15
0.91
2.15
0.91
2.15
0.89
0.91
0.89
0.91
2.15
0.91
2.15
0.89
0.91
0.89
0.91
0.89
0.91
1.48
2.80
1.48
2.80
1.09
2.80
1.09
2.80
1.09
2.80
1.09
1.48
1.09
2.80
1.09
2.80
1.48
1.09
1.48
1.09
1.48
1.09
2.80
1.09
1.48
1.09
2.80
1.09
1.48
2.80
1.48
1.09
2.80
1.09
1.48
1.09
1.48
1.09
1.48
2.80
1.48
2.80
1.09
2.80
1.48
1.09
2.80
1.48
2.80
1.09
2.80
1.09
1.48
1.09
2.80
1.09
2.80
1.48
2.80
1.09
1.48
1.09
1.48
2.80
1.48
2.80
1.48
1.09
1.48
1.09
1.48
1.09
1.48
1.09
1.48
1.09
1.48
2.80
1.09
1.48
1.09
1.48
2.80
1.48
2.80
1.09
1.48
2.80
1.09
1.48
2.80
1.09
2.80
1.09
1.48
1.09
1.54
1.62
2.52
1.63
1.62
1.63
1.62
1.63
1.62
1.63
1.54
1.62
1.63
1.62
2.52
1.62
1.63
1.54
1.62
1.63
2.52
1.62
2.52
1.63
1.54
2.52
1.62
2.52
1.54
1.62
1.63
1.62
1.63
2.52
1.63
2.52
1.63
2.52
1.63
1.54
1.62
1.54
1.62
2.52
1.62
1.63
1.62
1.54
1.63
2.52
1.63
2.52
1.62
1.54
1.62
1.63
1.62
2.52
1.62
1.63
1.62
2.52
1.62
1.63
1.54
1.62
1.54
1.62
2.52
1.63
1.62
1.63
1.54
1.63
1.62
1.63
1.62
1.63
2.52
1.63
1.62
2.52
1.62
2.52
1.63
1.54
1.63
1.62
1.54
1.62
1.63
1.62
1.63
1.54
1.62
2.52
1.63
1.62
2.52
1.63
2.52
2.00
1.17
1.41
1.87
1.17
2.36
1.41
1.17
2.36
1.87
1.17
1.41
2.00
1.17
2.36
1.87
1.17
2.00
1.17
2.36
1.87
1.17
2.36
1.17
2.36
1.17
1.87
1.17
1.87
1.41
1.17
2.00
1.17
1.41
2.00
1.17
2.00
1.17
1.41
1.17
1.87
1.17
2.00
1.41
1.87
1.17
1.87
1.41
1.17
2.00
1.17
1.87
1.17
2.36
1.87
1.17
2.36
1.87
1.17
2.00
1.17
2.36
1.17
1.41
2.00
2.36
1.87
1.17
1.41
1.87
1.17
1.41
1.17
1.41
1.17
1.41
2.00
2.36
1.17
2.00
1.17
1.41
1.17
1.41
2.00
1.17
2.36
1.17
2.36
1.17
1.48
1.12
1.04
0.96
1.12
1.48
0.96
1.60
1.12
1.60
1.48
0.96
1.12
0.96
1.60
1.48
0.96
1.12
1.47
1.60
1.48
1.60
1.48
1.47
1.60
1.12
1.04
1.48
1.04
1.12
1.47
1.12
1.48
1.12
0.96
1.47
0.96
1.47
1.48
1.04
0.96
1.48
1.60
1.48
1.12
1.04
1.47
0.96
1.12
1.48
0.96
1.48
1.04
0.96
1.12
1.48
1.60
0.96
1.12
1.60
1.47
1.60
1.48
0.96
1.12
1.04
1.60
1.12
1.60
1.12
1.48
0.96
1.12
1.60
1.12
1.48
1.12
1.60
1.47
1.04
1.48
1.60
0.96
1.48
0.96
1.60
0.96
1.48
1.60
0.96
1.47
0.96
1.12
1.04
1.47
1.60
1.47
0.96
1.48
1.47
1.48
1.60
1.12
1.60
0.96
1.60
1.12
0.96
1.48
1.12
1.04
1.48
1.12
1.04
1.48
1.04
0.80
1.58
0.80
0.89
1.58
0.78
0.80
0.78
0.89
1.58
0.80
1.58
0.78
0.89
1.58
0.80
0.78
0.89
0.78
0.80
1.58
0.89
0.78
0.80
0.78
0.80
0.89
0.80
1.58
0.78
1.58
0.78
1.58
0.78
0.80
1.58
0.78
1.58
0.80
1.58
0.89
0.78
1.58
0.80
0.78
1.58
0.80
0.78
0.89
1.58
0.80
1.58
0.78
0.80
0.78
0.80
0.89
1.58
0.80
0.78
0.89
0.78
1.58
0.89
1.58
0.78
1.58
0.89
0.78
1.58
0.78
1.58
0.80
1.58
0.78
1.58
0.89
0.78
0.80
0.78
1.58
0.80
1.58
0.80
1.58
0.89
0.80
1.58
0.89
0.78
2.30
1.33
1.29
1.33
1.29
1.33
1.29
1.33
1.29
2.85
1.33
1.29
1.33
1.29
2.30
1.33
2.85
1.29
1.33
1.29
2.85
1.33
2.85
1.33
1.29
1.33
1.29
1.33
1.29
1.33
1.29
1.33
1.29
2.30
1.33
2.30
1.33
1.29
1.33
1.29
1.33
2.30
1.29
1.33
1.29
1.33
2.30
1.33
1.29
1.33
1.29
1.33
1.29
1.33
1.29
2.85
1.33
2.30
2.85
1.33
1.29
1.33
1.29
2.85
1.29
1.33
1.29
1.33
1.29
1.33
1.29
1.33
1.29
1.33
2.30
1.33
1.29
1.33
1.29
1.33
1.29
1.33
1.29
1.33
1.97
0.95
1.97
0.95
1.97
0.95
1.10
0.95
1.97
0.95
2.00
0.95
1.97
0.95
1.10
2.00
1.97
0.95
1.97
2.00
1.10
0.95
1.10
0.95
1.97
0.95
1.97
0.95
1.97
0.95
1.10
0.95
1.10
0.95
1.10
0.95
1.97
0.95
2.00
0.95
1.97
0.95
1.10
0.95
1.97
1.10
0.95
1.97
0.95
1.10
1.97
0.95
2.00
0.95
1.97
0.95
1.10
0.95
1.97
0.95
1.97
0.95
1.97
0.95
1.90
0.95
1.66
0.95
1.90
1.66
0.95
1.90
1.66
0.95
1.66
1.90
0.95
1.90
1.66
0.95
1.90
0.95
1.90
0.95
1.90
0.95
1.90
0.95
1.66
0.95
1.66
0.95
1.90
0.95
1.66
1.90
0.95
1.90
0.95
1.66
0.95
1.66
0.95
1.90
1.66
1.90
0.95
1.66
0.95
1.90
0.95
1.66
0.95
1.90
1.66
0.95
1.90
1.66
0.95
1.90
0.95
1.90
0.95
1.66
1.90
1.66
0.95
1.66
0.95
1.66
0.95
1.66
0.95
1.66
1.90
0.95
1.90
0.95
1.66
0.95
1.66
1.90
0.95
1.90
0.95
1.90
0.95
3.09
1.74
2.26
1.74
1.72
1.74
1.72
1.56
1.74
1.56
1.72
1.74
1.72
3.09
1.56
1.72
1.74
1.56
1.74
3.09
1.56
1.72
3.09
1.56
3.09
1.72
1.56
1.74
1.72
3.09
2.26
3.09
2.26
1.27
1.74
1.27
3.09
1.74
2.26
1.72
1.74
1.72
1.56
1.72
1.56
1.72
1.27
1.72
3.09
1.56
3.09
1.74
1.72
1.56
1.72
1.74
3.09
1.72
1.27
1.72
1.74
3.09
1.74
1.72
1.74
1.27
1.56
1.72
1.74
1.72
1.74
2.26
1.74
1.56
1.74
1.72
3.09
1.74
3.09
1.74
2.26
1.56
1.27
1.72
1.56
1.72
3.09
1.72
1.56
1.72
1.56
2.26
1.72
1.27
1.72
1.74
1.27
1.56
1.72
2.26
1.72
2.26
1.72
1.56
3.09
1.74
1.56
2.26
1.56
1.72
2.26
1.74
1.72
2.26
1.72
1.74
1.72
1.74
1.27
1.72
2.26
1.27
4.59
1.05
2.53
4.59
1.05
4.59
4.16
1.05
4.16
4.59
1.05
2.53
4.16
4.59
3.41
4.16
3.41
4.16
4.59
4.16
4.59
4.16
3.41
1.05
1.64
4.59
1.64
1.05
1.64
3.41
4.59
3.41
1.05
4.59
4.16
4.59
4.16
4.59
1.64
2.53
4.59
3.41
1.05
2.53
1.64
4.16
4.59
1.05
2.53
4.59
1.64
4.59
2.53
1.05
3.41
4.59
3.41
1.64
4.16
4.59
1.05
1.64
3.41
1.05
3.41
1.05
4.59
3.41
4.59
1.05
3.41
4.16
1.64
4.59
4.16
2.53
4.59
4.16
2.53
4.59
4.16
2.53
1.64
2.53
1.05
3.41
1.64
4.16
4.59
2.53
4.59
4.16
3.41
1.05
3.41
2.53
3.41
4.59
1.05
1.64
4.59
1.05
1.64
4.59
1.64
1.65
1.03
1.35
1.76
2.56
2.27
1.71
1.45
1.32
1.89
1.07
1.73
1.62
1.99
1.61
1.17
1.65
1.91
1.98
1.29
1.78
1.41
1.65
2.07
1.55
1.42
1.62
1.50
1.31
1.20
1.44
1.98
2.60
1.50
1.72
0.79
1.26
1.57
1.46
1.15
1.81
1.41
1.68
1.80
1.85
2.85
2.07
2.29
2.63
1.49
1.32
1.75
1.23
1.66
1.56
1.18
1.63
1.44
1.19
2.41
1.47
1.70
1.40
1.95
1.77
1.45
1.44
1.03
1.44
1.03
1.44
1.03
1.44
1.03
1.44
1.03
1.44
1.03
1.44
1.03
1.44
1.03
1.44
1.03
1.44
1.03
1.44
1.03
1.44
1.03
1.44
1.95
1.54
1.94
1.69
2.36
1.87
1.31
1.24
1.97
1.19
1.07
1.66
2.22
2.06
1.71
2.98
1.83
2.01
2.98
2.01
1.83
2.98
2.01
2.98
1.83
2.98
2.01
2.98
2.01
2.98
2.01
2.98
1.83
2.01
1.83
2.98
1.83
2.98
2.01
2.98
2.01
2.98
2.01
1.83
2.98
2.01
1.83
2.98
1.83
2.98
2.01
2.98
1.83
2.01
1.83
2.01
1.83
2.98
2.01
2.98
1.83
2.98
2.01
2.98
1.83
2.98
2.01
2.98
1.83
2.01
2.98
1.83
2.01
2.98
1.83
2.01
2.98
1.83
2.98
1.83
2.98
1.83
2.01
2.98
1.83
2.98
1.83
2.98
1.83
2.01
2.98
1.83
2.01
1.83
1.21
0.92
0.94
0.88
0.54
0.55
0.67
0.75
0.42
0.36
1.10
1.15
0.59
0.56
1.01
0.79
0.56
0.66
0.56
0.62
0.71
0.57
0.75
0.84
0.78
0.61
0.56
0.69
1.04
0.92
0.93
0.47
0.45
1.05
0.68
0.58
0.47
0.77
0.93
0.49
1.01
1.02
0.84
0.67
0.84
