81.10
69.08
65.11
69.01
65.11
69.01
65.11
69.01
65.11
69.01
65.11
69.01
65.11
69.01
65.11
69.01
65.11
69.01
65.11
69.01
65.11
69.01
65.11
69.01
65.11
69.01
65.11
69.01
65.11
69.01
67.98
60.03
62.32
67.12
60.03
62.32
60.03
67.12
62.32
60.03
62.32
67.12
62.32
60.03
62.32
60.03
62.32
60.03
62.32
67.12
60.03
67.12
62.32
60.03
62.32
60.03
62.32
60.03
67.12
62.32
60.03
67.12
60.03
62.32
67.12
62.32
60.03
62.32
67.12
60.03
67.12
60.03
67.12
62.32
60.03
62.32
60.03
62.32
67.12
62.32
60.03
62.32
67.12
60.03
62.32
67.12
60.03
62.32
67.12
60.03
62.32
67.12
62.32
67.12
62.32
67.12
62.32
67.12
60.03
62.32
67.12
62.32
67.12
60.03
62.32
67.12
60.03
62.32
67.12
60.03
67.12
71.37
69.23
71.37
69.23
73.61
69.23
71.37
73.61
69.23
71.37
73.61
69.23
73.61
71.37
69.23
71.37
73.61
69.23
71.37
69.23
71.37
69.23
71.37
69.23
71.37
69.23
71.37
69.23
71.37
69.23
71.37
73.61
69.23
73.61
69.23
71.37
69.23
73.61
71.37
69.23
71.37
69.23
73.61
69.23
71.37
73.61
71.37
69.23
73.61
69.23
71.37
69.23
71.37
69.23
71.37
69.23
71.37
69.23
71.37
73.61
71.37
69.23
71.37
69.23
71.37
69.23
71.37
69.23
73.61
71.37
69.23
73.61
71.37
69.23
71.37
73.61
69.23
73.61
69.23
73.61
71.37
69.23
71.37
69.23
73.61
69.23
73.61
71.37
69.23
71.37
69.23
71.37
69.23
65.91
74.16
65.91
74.16
74.36
74.16
74.36
74.16
74.36
74.16
74.36
65.91
74.36
74.16
74.36
74.16
65.91
74.36
65.91
74.36
65.91
74.36
74.16
74.36
65.91
74.36
74.16
74.36
65.91
74.16
65.91
74.36
74.16
74.36
65.91
74.36
65.91
74.36
65.91
74.16
65.91
74.16
74.36
74.16
65.91
74.36
74.16
65.91
74.16
74.36
74.16
74.36
65.91
74.36
74.16
74.36
74.16
65.91
74.16
74.36
65.91
74.36
65.91
74.16
65.91
74.16
65.91
74.36
65.91
74.36
65.91
74.36
65.91
74.36
65.91
74.36
65.91
74.16
74.36
65.91
74.36
65.91
74.16
65.91
74.16
74.36
65.91
74.16
74.36
65.91
74.16
74.36
74.16
74.36
65.91
74.36
67.29
67.99
84.86
80.02
67.99
80.02
67.99
80.02
67.99
80.02
67.29
67.99
80.02
67.99
84.86
67.99
80.02
67.29
67.99
80.02
84.86
67.99
84.86
80.02
67.29
84.86
67.99
84.86
67.29
67.99
80.02
67.99
80.02
84.86
80.02
84.86
80.02
84.86
80.02
67.29
67.99
67.29
67.99
84.86
67.99
80.02
67.99
67.29
80.02
84.86
80.02
84.86
67.99
67.29
67.99
80.02
67.99
84.86
67.99
80.02
67.99
84.86
67.99
80.02
67.29
67.99
67.29
67.99
84.86
80.02
67.99
80.02
67.29
80.02
67.99
80.02
67.99
80.02
84.86
80.02
67.99
84.86
67.99
84.86
80.02
67.29
80.02
67.99
67.29
67.99
80.02
67.99
80.02
67.29
67.99
84.86
80.02
67.99
84.86
80.02
84.86
69.15
73.63
80.52
64.85
73.63
78.67
80.52
73.63
78.67
64.85
73.63
80.52
69.15
73.63
78.67
64.85
73.63
69.15
73.63
78.67
64.85
73.63
78.67
73.63
78.67
73.63
64.85
73.63
64.85
80.52
73.63
69.15
73.63
80.52
69.15
73.63
69.15
73.63
80.52
73.63
64.85
73.63
69.15
80.52
64.85
73.63
64.85
80.52
73.63
69.15
73.63
64.85
73.63
78.67
64.85
73.63
78.67
64.85
73.63
69.15
73.63
78.67
73.63
80.52
69.15
78.67
64.85
73.63
80.52
64.85
73.63
80.52
73.63
80.52
73.63
80.52
69.15
78.67
73.63
69.15
73.63
80.52
73.63
80.52
69.15
73.63
78.67
73.63
78.67
73.63
57.04
62.93
58.73
61.92
62.93
57.04
61.92
54.51
62.93
54.51
57.04
61.92
62.93
61.92
54.51
57.04
61.92
62.93
78.84
54.51
57.04
54.51
57.04
78.84
54.51
62.93
58.73
57.04
58.73
62.93
78.84
62.93
57.04
62.93
61.92
78.84
61.92
78.84
57.04
58.73
61.92
57.04
54.51
57.04
62.93
58.73
78.84
61.92
62.93
57.04
61.92
57.04
58.73
61.92
62.93
57.04
54.51
61.92
62.93
54.51
78.84
54.51
57.04
61.92
62.93
58.73
54.51
62.93
54.51
62.93
57.04
61.92
62.93
54.51
62.93
57.04
62.93
54.51
78.84
58.73
57.04
54.51
61.92
57.04
61.92
54.51
61.92
57.04
54.51
61.92
78.84
61.92
62.93
58.73
78.84
54.51
78.84
61.92
57.04
78.84
57.04
54.51
62.93
54.51
61.92
54.51
62.93
61.92
57.04
62.93
58.73
57.04
62.93
58.73
57.04
58.73
57.16
70.49
57.16
59.28
70.49
53.75
57.16
53.75
59.28
70.49
57.16
70.49
53.75
59.28
70.49
57.16
53.75
59.28
53.75
57.16
70.49
59.28
53.75
57.16
53.75
57.16
59.28
57.16
70.49
53.75
70.49
53.75
70.49
53.75
57.16
70.49
53.75
70.49
57.16
70.49
59.28
53.75
70.49
57.16
53.75
70.49
57.16
53.75
59.28
70.49
57.16
70.49
53.75
57.16
53.75
57.16
59.28
70.49
57.16
53.75
59.28
53.75
70.49
59.28
70.49
53.75
70.49
59.28
53.75
70.49
53.75
70.49
57.16
70.49
53.75
70.49
59.28
53.75
57.16
53.75
70.49
57.16
70.49
57.16
70.49
59.28
57.16
70.49
59.28
53.75
63.24
70.09
64.06
70.09
64.06
70.09
64.06
70.09
64.06
98.03
70.09
64.06
70.09
64.06
63.24
70.09
98.03
64.06
70.09
64.06
98.03
70.09
98.03
70.09
64.06
70.09
64.06
70.09
64.06
70.09
64.06
70.09
64.06
63.24
70.09
63.24
70.09
64.06
70.09
64.06
70.09
63.24
64.06
70.09
64.06
70.09
63.24
70.09
64.06
70.09
64.06
70.09
64.06
70.09
64.06
98.03
70.09
63.24
98.03
70.09
64.06
70.09
64.06
98.03
64.06
70.09
64.06
70.09
64.06
70.09
64.06
70.09
64.06
70.09
63.24
70.09
64.06
70.09
64.06
70.09
64.06
70.09
64.06
70.09
57.14
53.41
57.14
53.41
57.14
53.41
63.38
53.41
57.14
53.41
106.38
53.41
57.14
53.41
63.38
106.38
57.14
53.41
57.14
106.38
63.38
53.41
63.38
53.41
57.14
53.41
57.14
53.41
57.14
53.41
63.38
53.41
63.38
53.41
63.38
53.41
57.14
53.41
106.38
53.41
57.14
53.41
63.38
53.41
57.14
63.38
53.41
57.14
53.41
63.38
57.14
53.41
106.38
53.41
57.14
53.41
63.38
53.41
57.14
53.41
57.14
53.41
57.14
53.41
68.94
60.06
61.09
60.06
68.94
61.09
60.06
68.94
61.09
60.06
61.09
68.94
60.06
68.94
61.09
60.06
68.94
60.06
68.94
60.06
68.94
60.06
68.94
60.06
61.09
60.06
61.09
60.06
68.94
60.06
61.09
68.94
60.06
68.94
60.06
61.09
60.06
61.09
60.06
68.94
61.09
68.94
60.06
61.09
60.06
68.94
60.06
61.09
60.06
68.94
61.09
60.06
68.94
61.09
60.06
68.94
60.06
68.94
60.06
61.09
68.94
61.09
60.06
61.09
60.06
61.09
60.06
61.09
60.06
61.09
68.94
60.06
68.94
60.06
61.09
60.06
61.09
68.94
60.06
68.94
60.06
68.94
60.06
70.88
64.73
76.93
64.73
65.20
64.73
65.20
60.45
64.73
60.45
65.20
64.73
65.20
70.88
60.45
65.20
64.73
60.45
64.73
70.88
60.45
65.20
70.88
60.45
70.88
65.20
60.45
64.73
65.20
70.88
76.93
70.88
76.93
66.35
64.73
66.35
70.88
64.73
76.93
65.20
64.73
65.20
60.45
65.20
60.45
65.20
66.35
65.20
70.88
60.45
70.88
64.73
65.20
60.45
65.20
64.73
70.88
65.20
66.35
65.20
64.73
70.88
64.73
65.20
64.73
66.35
60.45
65.20
64.73
65.20
64.73
76.93
64.73
60.45
64.73
65.20
70.88
64.73
70.88
64.73
76.93
60.45
66.35
65.20
60.45
65.20
70.88
65.20
60.45
65.20
60.45
76.93
65.20
66.35
65.20
64.73
66.35
60.45
65.20
76.93
65.20
76.93
65.20
60.45
70.88
64.73
60.45
76.93
60.45
65.20
76.93
64.73
65.20
76.93
65.20
64.73
65.20
64.73
66.35
65.20
76.93
66.35
54.82
77.55
68.99
54.82
77.55
54.82
64.46
77.55
64.46
54.82
77.55
68.99
64.46
54.82
62.04
64.46
62.04
64.46
54.82
64.46
54.82
64.46
62.04
77.55
71.18
54.82
71.18
77.55
71.18
62.04
54.82
62.04
77.55
54.82
64.46
54.82
64.46
54.82
71.18
68.99
54.82
62.04
77.55
68.99
71.18
64.46
54.82
77.55
68.99
54.82
71.18
54.82
68.99
77.55
62.04
54.82
62.04
71.18
64.46
54.82
77.55
71.18
62.04
77.55
62.04
77.55
54.82
62.04
54.82
77.55
62.04
64.46
71.18
54.82
64.46
68.99
54.82
64.46
68.99
54.82
64.46
68.99
71.18
68.99
77.55
62.04
71.18
64.46
54.82
68.99
54.82
64.46
62.04
77.55
62.04
68.99
62.04
54.82
77.55
71.18
54.82
77.55
71.18
54.82
71.18
53.01
76.49
81.56
85.45
92.60
80.69
81.50
78.97
64.90
66.07
76.08
62.59
62.09
76.44
56.67
68.50
59.69
62.51
55.26
67.40
80.89
86.50
80.86
72.66
67.09
73.39
66.94
56.49
58.19
60.75
66.58
53.42
70.48
75.14
57.83
61.74
69.73
63.07
60.33
72.04
61.59
76.91
81.79
81.12
81.56
68.68
65.50
73.28
60.24
74.38
60.77
64.48
60.72
61.79
63.02
69.91
70.10
71.63
70.33
69.10
77.08
69.03
73.48
88.59
73.80
74.08
69.02
68.29
69.02
68.29
69.02
68.29
69.02
68.29
69.02
68.29
69.02
68.29
69.02
68.29
69.02
68.29
69.02
68.29
69.02
68.29
69.02
68.29
69.02
68.29
69.02
78.70
70.01
64.37
60.99
66.62
62.39
65.73
57.38
76.59
60.40
74.00
79.37
74.96
70.07
71.70
66.07
72.55
80.83
66.07
80.83
72.55
66.07
80.83
66.07
72.55
66.07
80.83
66.07
80.83
66.07
80.83
66.07
72.55
80.83
72.55
66.07
72.55
66.07
80.83
66.07
80.83
66.07
80.83
72.55
66.07
80.83
72.55
66.07
72.55
66.07
80.83
66.07
72.55
80.83
72.55
80.83
72.55
66.07
80.83
66.07
72.55
66.07
80.83
66.07
72.55
66.07
80.83
66.07
72.55
80.83
66.07
72.55
80.83
66.07
72.55
80.83
66.07
72.55
66.07
72.55
66.07
72.55
80.83
66.07
72.55
66.07
72.55
66.07
72.55
80.83
66.07
72.55
80.83
72.55
85.82
78.42
79.20
75.90
59.16
58.01
66.93
62.03
51.19
52.05
82.59
85.53
62.90
67.70
75.91
65.81
61.98
68.99
62.33
66.11
64.74
59.38
68.37
78.38
66.48
63.31
63.11
69.45
69.41
69.41
72.41
58.40
59.46
81.83
66.92
64.29
57.58
62.81
74.95
59.63
79.58
80.37
69.95
71.51
76.68
