40.16
34.72
35.02
32.91
31.69
33.00
29.75
22.28
24.61
25.72
30.50
23.79
23.27
22.73
23.32
40.08
43.22
43.15
36.17
39.30
35.41
38.46
26.01
25.91
25.76
31.64
30.95
33.68
27.06
24.56
35.57
34.23
35.55
35.28
24.06
26.60
29.92
31.98
25.86
28.47
24.80
27.80
25.17
25.78
24.09
23.11
25.63
27.10
28.21
29.62
23.52
22.93
27.30
32.81
33.41
38.58
28.72
27.94
27.32
31.16
35.62
36.13
35.88
39.89
36.47
32.68
36.30
27.38
38.89
39.97
23.09
23.82
26.25
37.99
43.57
41.56
33.32
41.72
29.46
41.72
40.53
33.32
41.72
33.32
40.53
41.72
40.53
33.32
41.72
40.53
29.46
40.53
33.32
41.72
40.53
41.72
29.46
40.53
33.32
29.46
40.53
29.46
33.32
40.53
41.72
40.53
33.32
29.46
40.53
41.72
40.53
29.46
41.72
33.32
41.72
33.32
40.53
33.32
40.53
33.32
40.53
29.46
40.53
29.46
41.72
40.53
33.32
41.72
29.46
40.53
33.32
40.53
33.32
40.53
41.72
29.46
41.72
33.32
41.72
40.53
33.32
41.72
40.53
41.72
29.46
41.72
33.32
29.46
41.72
29.46
41.72
29.46
40.53
33.32
40.53
29.46
33.32
40.53
33.32
40.53
29.46
40.53
41.72
40.53
33.32
40.53
29.46
41.72
40.53
41.72
40.53
33.32
41.72
40.53
33.32
41.72
40.53
33.32
29.46
40.53
39.13
37.81
25.01
23.93
27.23
