0.96
0.82
0.82
0.70
0.59
0.56
0.68
0.43
0.49
0.40
0.52
0.53
0.66
0.42
0.43
0.98
0.77
1.06
1.04
1.34
1.10
0.78
0.57
0.57
0.52
0.68
0.50
0.96
0.63
0.62
0.73
0.63
0.80
0.65
0.53
0.65
0.55
0.75
0.52
0.64
0.51
0.60
0.52
0.48
0.48
0.41
0.45
0.69
0.58
0.62
0.59
0.54
0.66
0.60
0.79
1.03
0.68
0.62
0.79
0.70
0.90
0.76
0.45
0.53
1.03
0.70
0.84
0.62
0.94
0.68
0.50
0.62
0.53
0.67
0.66
0.63
0.81
1.11
1.28
1.11
0.96
0.81
1.11
0.81
0.96
1.11
0.96
0.81
1.11
0.96
1.28
0.96
0.81
1.11
0.96
1.11
1.28
0.96
0.81
1.28
0.96
1.28
0.81
0.96
1.11
0.96
0.81
1.28
0.96
1.11
0.96
1.28
1.11
0.81
1.11
0.81
0.96
0.81
0.96
0.81
0.96
1.28
0.96
1.28
1.11
0.96
0.81
1.11
1.28
0.96
0.81
0.96
0.81
0.96
1.11
1.28
1.11
0.81
1.11
0.96
0.81
1.11
0.96
1.11
1.28
1.11
0.81
1.28
1.11
1.28
1.11
1.28
0.96
0.81
0.96
1.28
0.81
0.96
0.81
0.96
1.28
0.96
1.11
0.96
0.81
0.96
1.28
1.11
0.96
1.11
0.96
0.81
1.11
0.96
0.81
1.11
0.96
0.81
1.28
0.96
0.91
0.74
0.56
0.48
0.54
