78.76
71.01
75.98
71.31
69.45
64.08
75.90
63.53
65.24
58.92
61.67
61.29
57.12
50.53
54.97
73.82
66.28
73.42
81.72
80.53
76.93
73.84
71.28
66.04
54.80
66.92
56.96
75.72
65.35
67.57
63.42
64.70
75.60
72.38
65.99
73.54
63.23
71.13
62.10
65.46
63.95
64.11
62.05
63.90
60.73
54.87
58.77
63.85
66.69
65.89
64.05
63.26
67.80
60.21
65.50
74.27
66.94
64.84
70.30
70.67
66.57
68.58
55.77
58.15
78.05
69.40
69.25
67.95
69.98
59.22
56.04
65.53
61.97
64.36
63.81
66.19
75.43
87.06
96.98
87.06
73.37
75.43
87.06
75.43
73.37
87.06
73.37
75.43
87.06
73.37
96.98
73.37
75.43
87.06
73.37
87.06
96.98
73.37
75.43
96.98
73.37
96.98
75.43
73.37
87.06
73.37
75.43
96.98
73.37
87.06
73.37
96.98
87.06
75.43
87.06
75.43
73.37
75.43
73.37
75.43
73.37
96.98
73.37
96.98
87.06
73.37
75.43
87.06
96.98
73.37
75.43
73.37
75.43
73.37
87.06
96.98
87.06
75.43
87.06
73.37
75.43
87.06
73.37
87.06
96.98
87.06
75.43
96.98
87.06
96.98
87.06
96.98
73.37
75.43
73.37
96.98
75.43
73.37
75.43
73.37
96.98
73.37
87.06
73.37
75.43
73.37
96.98
87.06
73.37
87.06
73.37
75.43
87.06
73.37
75.43
87.06
73.37
75.43
96.98
73.37
77.72
74.25
57.61
55.07
56.91
