37.52
31.43
37.52
33.47
31.43
33.47
31.43
37.52
31.43
33.47
31.43
37.52
31.43
33.47
37.52
33.47
31.43
33.47
31.43
33.47
31.43
37.52
33.47
31.43
33.47
31.43
33.47
31.43
37.52
33.47
31.43
37.52
31.43
33.47
37.52
33.47
31.43
37.52
31.43
33.47
31.43
33.47
31.43
37.52
31.43
33.47
31.43
33.47
31.43
33.47
31.43
37.52
31.43
37.52
33.47
31.43
33.47
31.43
33.47
31.43
33.47
31.43
33.47
31.43
33.47
31.43
37.52
33.47
31.43
33.47
37.52
33.47
31.43
33.47
31.43
33.47
37.52
33.47
37.52
33.47
31.43
37.52
33.47
31.43
33.47
37.52
31.43
33.47
31.43
37.52
33.47
31.43
33.47
31.43
33.47
31.43
33.47
37.52
31.43
33.47
37.52
33.47
31.43
33.47
31.43
33.47
37.52
33.47
31.43
33.47
31.43
33.47
31.43
33.47
31.43
33.47
37.52
33.47
31.43
37.52
33.47
46.02
38.47
42.36
38.47
42.36
38.47
37.13
42.36
38.47
42.36
46.02
38.47
37.13
42.36
38.47
46.02
38.47
46.02
38.47
46.02
37.13
42.36
38.47
37.13
46.02
38.47
46.02
38.47
37.13
38.47
42.36
38.47
42.36
38.47
37.13
38.47
42.36
46.02
38.47
46.02
38.47
42.36
38.47
46.02
42.36
38.47
42.36
38.47
46.02
38.47
42.36
38.47
37.13
42.36
38.47
37.13
42.36
46.02
38.47
46.02
38.47
37.13
38.47
42.36
46.02
37.13
42.36
38.47
42.36
38.47
42.36
38.47
42.36
38.47
42.36
46.02
37.13
38.47
46.02
38.47
42.36
38.47
42.36
46.02
38.47
37.13
38.47
37.13
38.47
39.97
42.57
39.41
42.57
39.41
42.57
39.41
42.57
39.41
39.97
42.57
39.41
42.57
39.97
42.57
39.97
42.57
39.97
39.41
42.57
39.41
39.97
42.57
39.97
42.57
39.41
42.57
39.41
42.57
39.41
42.57
39.97
42.57
39.41
39.97
42.57
39.97
42.57
39.41
42.57
39.97
39.41
42.57
39.41
42.57
39.97
42.57
39.41
42.57
39.41
42.57
39.41
39.97
42.57
39.97
42.57
39.97
39.41
42.57
39.41
39.97
39.41
42.57
39.41
42.57
39.41
42.57
39.41
42.57
39.41
39.97
39.41
42.57
39.97
42.57
39.41
42.57
39.41
39.97
42.57
39.41
42.57
39.97
42.57
42.02
34.28
47.92
34.28
47.92
34.28
47.92
34.28
42.02
34.28
47.92
34.28
42.02
34.28
42.02
34.28
42.02
47.92
34.28
47.92
42.02
34.28
42.02
34.28
47.92
34.28
47.92
34.28
47.92
34.28
47.92
34.28
42.02
34.28
42.02
34.28
47.92
34.28
42.02
34.28
47.92
34.28
47.92
34.28
42.02
34.28
47.92
34.28
47.92
34.28
47.92
42.02
34.28
42.02
34.28
47.92
34.28
42.02
47.92
34.28
47.92
34.28
47.92
34.28
42.02
47.92
34.28
42.02
34.28
47.92
42.02
34.28
47.92
34.28
47.92
34.28
45.82
42.78
45.82
42.78
45.82
42.78
45.82
42.78
45.82
42.78
45.82
42.78
45.82
42.78
45.82
42.78
45.82
42.78
45.82
42.78
45.82
42.78
45.82
42.78
45.82
42.78
45.82
42.78
45.82
42.78
45.82
42.78
45.82
42.78
45.82
42.78
45.82
42.78
45.82
42.78
45.82
42.78
31.37
38.79
31.37
38.79
31.37
38.79
31.37
38.79
31.37
38.79
31.37
38.79
31.37
38.79
31.37
38.79
31.37
38.79
31.37
38.79
31.37
38.79
31.37
38.79
31.37
38.79
31.37
38.79
31.37
38.79
31.37
38.79
31.37
38.79
31.37
38.79
31.37
38.79
31.37
38.79
31.37
38.79
31.37
38.79
31.37
38.79
31.37
38.79
31.37
38.79
31.37
38.79
31.37
38.79
31.37
47.38
41.27
50.24
44.98
41.27
44.98
50.24
41.27
44.98
41.27
50.24
47.38
41.27
44.98
41.27
42.77
41.27
47.38
41.27
42.77
47.38
44.98
41.27
50.24
44.98
42.77
41.27
42.77
41.27
44.98
41.27
44.98
41.27
50.24
41.27
47.38
41.27
50.24
47.38
41.27
47.38
41.27
50.24
41.27
44.98
41.27
47.38
50.24
44.98
41.27
44.98
50.24
41.27
47.38
41.27
44.98
41.27
47.38
44.98
41.27
44.98
47.38
44.98
42.77
41.27
47.38
42.77
41.27
47.38
41.27
50.24
47.38
44.98
41.27
50.24
44.98
41.27
50.24
41.27
50.24
41.27
50.24
47.38
44.98
41.27
47.38
41.27
50.24
41.27
50.24
47.38
41.27
44.98
41.27
47.38
41.27
40.33
41.95
40.33
41.95
40.33
41.95
40.33
41.95
40.33
41.95
40.33
41.95
40.33
41.95
40.33
41.95
40.33
41.95
40.33
41.95
40.33
41.95
40.33
41.95
40.33
41.95
40.33
41.95
40.33
42.49
33.43
42.49
33.43
27.06
42.49
27.06
33.43
27.06
33.43
42.49
33.43
27.06
33.43
27.06
42.49
33.43
27.06
33.43
42.49
33.43
42.49
33.43
42.49
27.06
33.43
27.06
42.49
27.06
33.43
27.06
42.49
33.43
42.49
27.06
33.43
27.06
42.49
27.06
42.49
33.43
27.06
33.43
42.49
27.06
42.49
33.43
42.49
33.43
27.06
33.43
27.06
33.43
42.49
27.06
33.43
42.49
33.43
27.06
33.43
42.49
27.06
33.43
42.49
27.06
33.43
27.06
33.43
42.49
33.43
27.06
42.49
27.06
42.49
33.43
42.49
33.43
42.49
33.43
27.06
42.49
27.06
42.49
33.43
42.49
27.06
42.49
27.06
33.43
27.06
33.43
42.49
27.06
42.49
33.43
27.06
33.43
42.49
27.06
42.49
27.06
33.43
42.49
33.43
42.49
33.43
27.06
42.49
33.43
27.06
42.49
33.43
27.06
33.43
27.06
42.49
27.06
49.30
46.89
49.30
46.89
49.30
46.89
49.30
46.89
49.30
46.89
49.30
46.89
49.30
46.89
49.30
46.89
49.30
46.89
49.30
46.89
49.30
46.89
49.30
46.89
49.30
46.89
49.30
46.89
49.30
46.89
49.30
46.89
49.30
46.89
49.30
46.89
49.30
46.89
49.30
46.89
49.30
46.89
49.30
46.89
49.30
46.89
49.30
46.89
49.30
46.89
49.30
46.89
49.30
46.89
49.30
46.89
49.30
39.03
35.27
43.06
42.11
40.97
42.11
40.97
42.11
40.97
42.11
40.97
42.11
40.97
42.11
40.97
42.11
40.97
42.11
40.97
42.11
40.97
42.11
40.97
42.11
40.97
41.00
34.55
33.43
39.06
34.36
39.06
34.36
39.06
34.36
39.06
34.36
39.06
34.36
39.06
34.36
39.06
34.36
39.06
34.36
39.06
34.36
39.06
34.36
39.06
34.36
39.06
34.36
39.06
34.36
39.06
34.36
39.06
34.36
39.06
34.36
39.06
34.36
39.06
34.36
39.06
34.36
39.06
34.36
39.06
34.36
39.06
34.36
39.06
34.36
39.06
34.36
39.06
34.36
36.30
35.88
36.30
35.88
36.30
35.88
36.30
35.88
36.30
35.88
36.30
35.88
36.30
35.88
36.30
35.88
36.30
35.88
36.30
35.88
36.30
35.88
36.30
35.88
36.30
35.88
36.30
35.88
36.30
35.88
36.30
35.88
36.30
35.88
36.30
35.88
36.30
35.88
36.30
35.88
36.30
35.88
36.30
35.88
36.30
35.88
36.30
35.88
36.30
35.88
36.30
35.88
36.30
35.88
36.30
35.88
42.86
43.02
34.11
41.13
34.11
41.13
34.11
41.13
34.11
41.13
34.11
41.13
34.11
41.13
34.11
41.13
34.11
41.13
34.11
41.13
34.11
41.13
34.11
41.13
34.11
41.13
34.11
41.13
34.11
41.13
34.11
41.13
34.11
41.13
34.11
41.13
34.11
41.13
34.11
41.13
34.11
41.13
34.11
41.13
34.11
41.13
34.11
41.13
34.11
41.13
34.11
41.13
34.11
41.13
34.11
41.13
34.11
41.13
34.11
41.13
34.11
41.13
34.11
41.13
34.11
41.13
34.11
41.13
34.11
41.13
34.11
41.13
34.11
41.13
45.91
44.26
45.91
44.26
45.91
44.26
45.91
44.26
45.91
44.26
45.91
44.26
45.91
44.26
45.91
44.26
45.91
44.26
45.91
44.26
45.91
44.26
45.91
44.26
45.91
44.26
45.91
44.26
45.91
44.26
45.91
44.26
45.91
44.26
45.91
44.26
45.91
44.26
45.91
44.26
45.91
44.26
45.91
44.26
45.91
44.26
45.91
44.26
45.91
44.26
45.91
44.26
45.91
44.26
45.91
44.26
45.91
44.26
45.91
44.26
45.91
44.26
45.91
44.26
45.91
44.26
45.91
44.26
45.91
44.26
45.91
44.26
46.97
44.53
42.24
43.53
47.26
40.84
44.37
44.13
38.38
43.67
44.53
46.20
42.12
42.66
42.12
42.66
42.12
42.66
42.12
42.66
42.12
42.66
42.12
42.66
42.12
42.66
42.12
42.66
42.12
42.66
42.12
42.66
42.12
42.66
42.12
42.66
42.12
42.66
42.12
42.66
42.12
42.66
42.12
42.66
42.12
42.66
42.12
42.66
42.12
42.66
42.12
42.66
42.12
42.66
42.12
42.66
42.12
42.66
42.12
42.66
42.12
42.66
42.12
44.14
41.45
44.14
41.45
44.14
41.45
44.14
41.45
44.14
41.45
44.14
41.45
44.14
41.45
44.14
41.45
44.14
41.45
44.14
41.45
44.14
41.45
44.14
41.45
44.14
41.45
44.14
41.45
44.14
41.45
44.14
41.45
44.14
41.45
44.14
41.45
44.14
41.45
44.14
41.45
44.14
41.45
44.14
41.45
44.14
41.45
44.14
41.45
44.14
41.45
44.14
41.45
44.14
41.45
44.14
41.45
44.14
41.45
44.14
41.45
44.14
41.45
44.14
41.45
44.14
41.45
44.14
41.45
44.14
41.45
44.14
41.45
44.14
41.45
44.14
41.45
44.14
41.45
44.14
41.45
44.14
41.45
38.85
46.88
38.85
46.88
38.85
46.88
38.85
46.88
38.85
46.88
38.85
46.88
38.85
46.88
38.85
46.88
38.85
46.88
38.85
46.88
38.85
46.88
38.85
46.88
38.85
46.88
38.85
46.88
38.85
46.88
38.85
46.88
38.85
46.88
38.85
46.88
38.85
46.88
38.85
46.88
38.85
46.88
38.85
46.88
38.85
46.88
38.85
46.88
38.85
46.88
38.85
46.88
38.85
46.88
38.85
46.88
38.85
46.88
38.85
46.88
38.85
46.88
38.85
46.88
38.85
46.88
38.85
46.88
38.85
46.88
38.85
46.88
38.85
46.88
38.85
46.88
38.85
46.88
38.85
46.88
38.85
46.88
34.00
42.16
34.00
42.16
34.00
42.16
34.00
42.16
34.00
42.16
34.00
42.16
34.00
42.16
34.00
42.16
34.00
42.16
34.00
42.16
34.00
42.16
34.00
42.16
34.00
42.16
34.00
42.16
34.00
42.16
34.00
42.16
34.00
42.16
34.00
42.16
34.00
42.16
34.00
42.16
34.00
42.16
34.00
42.16
36.82
38.46
54.92
46.53
54.92
46.53
54.92
46.53
54.92
46.53
54.92
46.53
54.92
46.53
54.92
46.53
54.92
46.53
54.92
46.53
54.92
46.53
54.92
46.53
54.92
46.53
54.92
46.57
47.45
46.57
47.45
46.57
47.45
46.57
47.45
46.57
47.45
46.57
47.45
46.57
47.45
46.57
47.45
46.57
47.45
46.57
47.45
46.57
47.45
46.57
47.45
46.57
47.45
46.57
47.45
46.57
47.45
46.57
47.45
46.57
47.45
46.57
47.45
46.57
47.45
46.57
47.45
46.57
47.45
46.57
47.45
46.57
47.45
46.57
47.45
46.57
47.45
46.57
47.45
46.57
47.45
46.57
47.45
46.57
47.45
46.57
47.45
46.57
47.45
46.57
47.46
43.47
42.95
43.47
42.95
43.47
42.95
43.47
47.46
43.47
42.95
43.47
47.46
43.47
47.46
43.47
47.46
42.95
43.47
42.95
47.46
43.47
47.46
43.47
42.95
43.47
42.95
43.47
42.95
43.47
42.95
43.47
42.95
47.46
43.47
47.46
43.47
42.95
43.47
47.46
43.47
42.95
43.47
42.95
43.47
47.46
43.47
42.95
43.47
42.95
43.47
47.46
43.47
42.95
47.46
43.47
47.46
43.47
42.95
43.47
42.95
47.46
42.95
43.47
42.95
43.47
42.95
43.47
42.95
43.47
42.95
47.46
42.95
43.47
47.46
43.47
42.95
43.47
42.95
47.46
43.47
42.95
43.47
42.95
43.47
41.78
43.59
38.86
39.79
47.48
48.99
52.05
37.77
40.79
37.77
40.79
37.77
40.79
37.77
40.79
37.77
40.79
37.77
40.79
37.77
40.79
37.77
40.79
37.77
40.79
37.77
40.79
37.77
40.79
37.77
40.79
37.77
40.79
37.77
40.79
37.77
40.79
37.77
40.79
37.77
40.79
37.77
40.79
37.77
40.79
37.77
40.79
37.77
40.79
37.77
40.79
37.77
40.79
37.77
40.79
37.77
40.79
37.77
40.79
37.77
40.79
37.77
40.79
37.77
40.79
37.77
40.79
47.83
42.71
43.50
47.42
57.86
56.39
45.15
42.69
34.69
36.42
31.68
50.28
33.66
35.64
43.03
35.97
36.74
35.08
32.53
49.88
51.74
51.81
44.34
52.38
49.95
47.43
55.87
50.70
59.78
41.35
43.04
41.35
43.04
41.35
43.04
41.35
43.04
41.35
43.04
41.35
43.04
41.35
43.04
41.35
43.04
41.35
43.04
41.35
43.04
41.35
43.04
41.35
43.04
41.35
43.04
41.35
43.04
41.35
43.04
41.35
43.04
41.35
43.04
41.35
43.04
41.35
43.04
41.35
43.04
41.35
43.04
41.35
43.04
41.35
43.04
41.35
43.04
41.35
43.04
41.35
43.04
41.35
43.04
41.35
43.04
41.35
43.04
41.35
43.04
41.35
48.38
57.32
57.35
54.39
53.87
55.28
56.98
55.28
56.98
55.28
56.98
55.28
56.98
55.28
56.98
55.28
56.98
55.28
56.98
55.28
56.98
55.28
56.98
55.28
56.98
55.28
56.98
55.28
56.98
55.28
56.98
55.28
56.98
55.28
56.98
55.28
56.98
55.28
56.98
55.28
56.98
55.28
56.98
55.28
56.98
55.28
56.98
55.28
56.98
55.28
56.98
55.28
56.98
55.28
56.98
55.28
56.98
55.28
56.98
55.28
56.98
60.35
54.83
60.35
63.48
60.35
63.48
60.35
54.83
60.35
54.83
60.35
54.83
60.35
55.98
53.61
51.12
53.61
51.12
53.61
55.98
51.12
53.61
51.12
55.98
53.61
55.98
51.12
53.61
55.98
53.61
55.98
51.12
53.61
51.12
55.98
53.61
55.98
53.61
55.98
53.61
51.12
53.61
51.12
53.61
55.98
53.61
51.12
55.98
53.61
55.98
53.61
51.12
53.61
51.12
53.61
55.98
51.12
53.61
51.12
53.61
55.98
53.61
51.12
53.61
55.98
51.12
53.61
51.12
53.61
55.98
51.12
55.98
53.61
55.98
53.61
55.98
53.61
51.12
55.98
51.12
53.61
51.12
53.61
51.12
53.61
51.12
53.61
51.12
55.98
53.61
55.98
53.61
51.12
53.61
51.12
55.98
53.61
51.12
55.98
53.61
51.12
55.98
53.61
49.29
51.00
39.95
48.59
47.93
48.59
47.93
48.59
47.93
48.59
47.93
48.59
47.93
48.59
47.93
48.59
47.93
48.59
47.93
48.59
47.93
48.59
47.93
48.59
47.93
48.59
47.93
48.59
47.93
48.59
47.93
48.59
47.93
48.59
47.93
48.59
47.93
48.59
47.93
48.59
47.93
48.59
47.93
48.59
47.93
48.59
47.93
48.59
47.93
48.59
47.93
48.59
47.93
48.59
47.93
48.59
47.93
48.59
47.93
48.59
47.93
48.59
47.93
48.59
47.93
48.59
47.93
48.59
47.93
48.59
47.93
48.59
47.93
48.59
47.93
48.59
47.93
48.59
47.93
48.59
47.93
48.59
47.93
48.59
47.93
48.59
47.93
48.59
47.93
46.80
47.92
49.82
52.02
54.75
55.13
52.23
39.88
43.71
39.88
43.71
39.88
43.71
39.88
43.71
39.88
43.71
39.88
43.71
39.88
43.71
39.88
43.71
39.88
43.71
39.88
43.71
39.88
43.71
39.88
43.71
39.88
43.71
39.88
43.71
39.88
43.71
39.88
43.71
39.88
43.71
39.88
43.71
39.88
43.71
39.88
43.71
39.88
43.71
39.88
43.71
39.88
43.71
39.88
43.71
39.88
43.71
39.88
43.71
39.88
43.71
39.88
43.71
39.88
43.71
39.88
43.71
39.88
43.71
39.88
43.71
39.88
43.71
39.88
43.71
39.88
43.71
39.88
43.71
39.88
43.71
39.88
43.71
39.88
43.71
39.88
43.71
39.88
43.71
39.88
43.71
39.88
43.71
39.88
43.71
39.88
43.71
39.88
43.71
39.88
43.71
45.08
56.58
42.90
56.58
42.90
56.58
42.90
45.08
42.90
56.58
42.90
45.08
42.90
56.58
42.90
56.58
45.08
42.90
45.08
56.58
45.08
42.90
56.58
42.90
45.08
42.90
56.58
42.90
45.08
56.58
42.90
56.58
42.90
45.08
42.90
45.08
56.58
45.08
56.58
42.90
56.58
45.08
42.90
56.58
45.08
56.58
42.90
56.58
42.90
45.08
42.90
56.58
42.90
56.58
45.08
56.58
45.08
42.90
45.08
56.58
45.08
56.58
45.08
56.58
42.90
45.08
42.90
45.08
42.90
45.08
42.90
56.58
42.90
45.08
42.90
45.08
56.58
42.90
56.58
42.90
45.08
56.58
42.90
56.58
42.90
45.08
42.90
44.85
45.57
41.19
39.25
43.83
40.29
44.47
43.04
43.97
52.58
51.71
43.34
46.79
43.34
46.79
43.34
46.79
43.34
46.79
43.34
46.79
43.34
46.79
43.34
46.79
43.34
46.79
43.34
46.79
43.34
46.79
43.34
46.79
43.34
46.79
43.34
46.79
43.34
46.79
43.34
46.79
43.34
46.79
43.34
46.79
43.34
46.79
43.34
46.79
43.34
46.79
43.34
46.79
43.34
46.79
43.34
46.79
43.34
46.79
43.34
46.79
43.34
46.79
43.34
46.79
43.34
46.79
43.34
46.79
43.34
46.79
43.34
46.79
43.34
42.81
41.50
42.81
41.50
42.81
41.50
42.81
41.50
42.81
41.50
42.81
41.50
42.81
41.50
42.81
41.50
42.81
41.50
42.81
41.50
42.81
41.50
42.81
41.50
42.81
41.50
42.81
52.64
37.98
52.64
37.98
52.64
37.98
52.64
37.98
52.64
37.98
52.64
37.98
52.64
37.98
52.64
37.98
52.64
37.98
52.64
37.98
52.64
37.98
52.64
37.98
52.64
37.98
52.64
37.98
52.64
37.98
52.64
37.98
52.64
37.98
52.64
37.98
52.64
37.98
52.64
37.98
52.64
37.98
52.64
37.98
52.64
37.98
52.64
37.98
52.64
37.98
52.64
37.98
52.64
45.82
42.89
40.47
34.61
30.21
41.36
30.21
34.61
40.47
34.61
30.21
34.61
30.21
40.47
30.21
34.61
30.21
34.61
41.36
30.21
34.61
30.21
41.36
30.21
34.61
30.21
41.36
34.61
30.21
34.61
40.47
41.36
40.47
30.21
41.36
40.47
30.21
40.47
34.61
30.21
34.61
40.47
30.21
34.61
30.21
34.61
30.21
34.61
30.21
41.36
30.21
34.61
30.21
34.61
30.21
41.36
34.61
30.21
34.61
30.21
41.36
30.21
34.61
30.21
40.47
30.21
34.61
30.21
41.36
30.21
34.61
41.36
30.21
34.61
41.36
30.21
40.47
41.36
30.21
34.61
40.47
30.21
40.47
34.61
41.36
34.61
30.21
34.61
30.21
41.36
34.61
30.21
34.61
40.47
30.21
34.61
40.47
34.61
40.47
34.61
30.21
41.36
30.21
41.36
30.21
34.61
41.36
30.21
34.61
40.47
34.61
30.21
34.61
30.21
34.61
41.36
30.21
35.20
42.53
35.20
42.53
41.86
42.53
41.86
42.53
35.20
41.86
42.53
41.86
35.20
42.53
41.86
42.53
35.20
42.53
35.20
42.53
35.20
41.86
42.53
41.86
35.20
41.86
42.53
35.20
42.53
35.20
41.86
42.53
41.86
35.20
42.53
41.86
42.53
35.20
41.86
35.20
42.53
35.20
42.53
41.86
42.53
41.86
42.53
35.20
41.86
42.53
35.20
42.53
41.86
42.53
35.20
41.86
42.53
41.86
42.53
35.20
42.53
41.86
35.20
41.86
35.20
42.53
35.20
42.53
35.20
42.53
41.86
35.20
42.53
35.20
41.86
35.20
41.86
42.53
41.86
42.53
35.20
41.86
42.53
41.86
35.20
42.53
41.86
42.53
41.86
35.20
42.53
35.20
42.53
35.20
42.53
41.86
35.20
42.53
41.86
35.20
42.53
41.86
42.53
41.86
35.20
41.86
48.52
43.74
48.52
43.74
48.52
43.74
48.52
43.74
48.52
43.74
48.52
43.74
48.52
43.74
48.52
43.74
48.52
43.74
48.52
43.74
48.52
43.74
48.52
43.74
48.52
43.74
48.52
43.74
48.52
43.74
48.52
43.74
48.52
43.74
48.52
43.74
51.09
51.37
51.09
51.37
51.09
51.37
51.09
51.37
51.09
51.37
51.09
51.37
51.09
51.37
51.09
51.37
51.09
51.37
51.09
51.37
51.09
51.37
51.09
51.37
51.09
51.37
51.09
51.37
51.09
51.37
51.09
51.37
51.09
51.37
51.09
51.37
51.09
51.37
51.09
51.37
51.09
51.37
51.09
51.37
51.09
51.37
51.09
51.37
51.09
51.37
51.09
51.37
51.09
51.37
51.09
51.37
51.09
51.37
51.09
51.37
51.09
51.37
51.09
51.37
51.09
51.37
51.09
51.37
51.09
51.37
51.09
51.37
51.09
51.37
51.09
51.37
51.09
51.37
51.09
51.37
51.09
51.37
51.09
51.37
51.09
51.37
51.09
51.09
53.65
36.83
49.03
44.83
36.83
49.03
34.27
38.25
34.27
44.83
49.03
44.83
34.27
44.83
36.83
44.83
34.27
36.83
49.03
34.27
44.83
34.27
44.83
38.25
36.83
34.27
44.83
49.03
34.27
38.25
34.27
44.83
38.25
34.27
38.25
36.83
38.25
44.83
36.83
49.03
34.27
44.83
49.03
38.25
34.27
36.83
34.27
38.25
36.83
49.03
34.27
38.25
44.83
34.27
36.83
34.27
44.83
49.03
36.83
44.83
36.83
49.03
34.27
44.83
34.27
44.83
34.27
44.83
36.83
44.83
36.83
34.27
38.25
36.83
34.27
44.83
34.27
44.83
34.27
38.25
44.83
34.27
44.83
34.27
38.25
36.83
34.27
44.83
34.27
49.03
36.83
34.27
44.83
34.27
44.83
34.27
38.25
34.27
36.83
34.27
36.83
34.27
44.83
38.25
36.83
34.27
38.25
34.27
49.03
38.25
34.27
44.83
36.83
49.03
34.27
36.83
49.03
44.83
38.25
44.83
34.27
36.83
44.83
34.27
38.25
44.83
34.27
49.03
44.83
49.03
34.27
49.03
34.27
44.83
38.25
44.83
38.25
44.83
34.27
36.83
38.25
34.27
49.03
34.27
38.25
34.27
44.83
38.25
34.27
44.83
38.25
44.83
34.27
44.83
34.27
36.83
34.27
44.83
38.25
49.03
34.27
39.67
36.01
39.67
36.01
31.60
50.68
39.67
50.68
36.01
50.68
39.67
50.68
36.01
39.67
36.01
50.68
36.01
50.68
39.67
36.01
50.68
39.67
36.01
31.60
36.01
39.67
36.01
39.67
36.01
39.67
50.68
39.67
31.60
36.01
31.60
50.68
39.67
31.60
36.01
31.60
39.67
36.01
39.67
50.68
36.01
50.68
39.67
50.68
39.67
36.01
50.68
31.60
39.67
31.60
50.68
39.67
36.01
39.67
36.01
31.60
36.01
50.68
36.01
39.67
50.68
31.60
50.68
36.01
39.67
36.01
50.68
36.01
39.67
31.60
36.01
50.68
36.01
31.60
36.01
39.67
36.01
39.67
36.01
39.67
36.01
50.68
39.67
36.01
39.67
36.01
39.67
36.01
31.60
39.67
50.68
39.67
36.01
39.67
50.68
39.67
50.68
36.01
50.68
36.01
39.67
50.68
31.60
39.67
50.68
39.67
36.01
31.60
36.01
39.67
31.60
50.68
39.67
50.68
36.01
39.67
36.01
39.67
36.01
39.67
36.01
50.68
39.67
36.01
50.68
39.67
36.01
31.60
50.68
36.01
39.67
31.60
50.68
39.67
31.60
46.19
48.49
36.62
46.19
37.78
46.19
37.86
48.49
46.19
48.49
37.78
48.49
36.62
48.49
49.51
46.19
37.78
49.51
48.49
37.78
48.49
46.19
36.62
49.51
48.49
46.19
37.86
49.51
46.19
49.51
48.49
46.19
49.51
46.19
48.49
36.62
46.19
49.51
37.78
48.49
46.19
48.49
36.62
37.86
48.49
46.19
36.62
46.19
49.51
46.19
48.49
49.51
37.86
36.62
37.86
48.49
46.19
48.49
36.62
46.19
49.51
48.49
49.51
48.49
36.62
48.49
36.62
49.51
46.19
36.62
37.86
48.49
49.51
48.49
37.78
46.19
48.49
37.78
49.51
46.19
36.62
49.51
48.49
37.86
49.51
46.19
36.62
48.49
49.51
48.49
37.78
48.49
49.51
46.19
37.78
36.62
49.51
37.86
36.62
37.86
48.49
46.19
36.62
37.86
49.51
46.19
37.78
37.86
49.51
46.19
49.51
48.49
36.62
46.19
49.51
46.19
48.49
46.19
48.49
49.51
48.49
49.51
46.19
48.49
46.19
48.49
46.19
37.78
37.86
48.49
49.51
46.19
49.51
48.49
46.19
48.49
46.19
48.49
49.51
46.19
49.51
46.19
37.78
49.51
46.19
49.51
48.49
46.19
49.51
48.49
46.19
48.49
37.78
48.49
37.78
36.62
48.49
46.19
48.49
37.07
50.22
37.07
50.22
40.54
50.22
37.07
40.54
50.22
37.07
50.22
37.07
40.54
50.22
40.54
37.07
50.22
37.07
40.54
50.22
37.07
50.22
37.07
50.22
37.07
50.22
40.54
37.07
50.22
37.07
50.22
37.07
50.22
40.54
37.07
50.22
40.54
50.22
37.07
50.22
40.54
37.07
50.22
37.07
50.22
40.54
50.22
40.54
50.22
37.07
40.54
37.07
50.22
40.54
50.22
37.07
50.22
40.54
50.22
37.07
50.22
37.07
40.54
50.22
40.54
50.22
37.07
50.22
37.07
40.54
37.07
50.22
37.07
50.22
37.07
50.22
37.07
50.22
37.07
40.54
37.07
40.54
50.22
40.54
37.07
50.22
37.07
40.54
50.22
40.54
37.07
50.22
40.54
37.07
50.22
37.07
50.22
37.07
50.22
40.54
37.07
50.22
40.54
37.07
50.22
40.54
37.07
50.22
40.54
37.07
50.22
35.71
41.83
35.71
41.83
35.71
41.83
35.71
41.83
35.71
41.83
35.71
41.83
35.71
43.65
41.83
35.71
41.83
35.71
41.83
35.71
41.83
35.71
41.83
35.71
41.83
35.71
41.83
43.65
41.83
35.71
41.83
35.71
41.83
43.65
35.71
41.83
43.65
41.83
35.71
41.83
35.71
41.83
35.71
41.83
35.71
41.83
35.71
41.83
43.65
41.83
35.71
41.83
35.71
41.83
35.71
41.83
35.71
41.83
35.71
41.83
35.71
41.83
35.71
41.83
35.71
41.83
35.71
41.83
35.71
48.93
48.38
49.02
47.97
54.02
51.05
50.23
50.54
