1.05
0.86
1.05
0.86
0.86
0.86
0.86
1.05
0.86
0.86
0.86
1.05
0.86
0.86
1.05
0.86
0.86
0.86
0.86
0.86
0.86
1.05
0.86
0.86
0.86
0.86
0.86
0.86
1.05
0.86
0.86
1.05
0.86
0.86
1.05
0.86
0.86
1.05
0.86
0.86
0.86
0.86
0.86
1.05
0.86
0.86
0.86
0.86
0.86
0.86
0.86
1.05
0.86
1.05
0.86
0.86
0.86
0.86
0.86
0.86
0.86
0.86
0.86
0.86
0.86
0.86
1.05
0.86
0.86
0.86
1.05
0.86
0.86
0.86
0.86
0.86
1.05
0.86
1.05
0.86
0.86
1.05
0.86
0.86
0.86
1.05
0.86
0.86
0.86
1.05
0.86
0.86
0.86
0.86
0.86
0.86
0.86
1.05
0.86
0.86
1.05
0.86
0.86
0.86
0.86
0.86
1.05
0.86
0.86
0.86
0.86
0.86
0.86
0.86
0.86
0.86
1.05
0.86
0.86
1.05
0.86
1.26
0.98
0.93
0.98
0.93
0.98
0.63
0.93
0.98
0.93
1.26
0.98
0.63
0.93
0.98
1.26
0.98
1.26
0.98
1.26
0.63
0.93
0.98
0.63
1.26
0.98
1.26
0.98
0.63
0.98
0.93
0.98
0.93
0.98
0.63
0.98
0.93
1.26
0.98
1.26
0.98
0.93
0.98
1.26
0.93
0.98
0.93
0.98
1.26
0.98
0.93
0.98
0.63
0.93
0.98
0.63
0.93
1.26
0.98
1.26
0.98
0.63
0.98
0.93
1.26
0.63
0.93
0.98
0.93
0.98
0.93
0.98
0.93
0.98
0.93
1.26
0.63
0.98
1.26
0.98
0.93
0.98
0.93
1.26
0.98
0.63
0.98
0.63
0.98
0.72
0.98
0.82
0.98
0.82
0.98
0.82
0.98
0.82
0.72
0.98
0.82
0.98
0.72
0.98
0.72
0.98
0.72
0.82
0.98
0.82
0.72
0.98
0.72
0.98
0.82
0.98
0.82
0.98
0.82
0.98
0.72
0.98
0.82
0.72
0.98
0.72
0.98
0.82
0.98
0.72
0.82
0.98
0.82
0.98
0.72
0.98
0.82
0.98
0.82
0.98
0.82
0.72
0.98
0.72
0.98
0.72
0.82
0.98
0.82
0.72
0.82
0.98
0.82
0.98
0.82
0.98
0.82
0.98
0.82
0.72
0.82
0.98
0.72
0.98
0.82
0.98
0.82
0.72
0.98
0.82
0.98
0.72
0.98
1.07
0.95
1.66
0.95
1.66
0.95
1.66
0.95
1.07
0.95
1.66
0.95
1.07
0.95
1.07
0.95
1.07
1.66
0.95
1.66
1.07
0.95
1.07
0.95
1.66
0.95
1.66
0.95
1.66
0.95
1.66
0.95
1.07
0.95
1.07
0.95
1.66
0.95
1.07
0.95
1.66
0.95
1.66
0.95
1.07
0.95
1.66
0.95
1.66
0.95
1.66
1.07
0.95
1.07
0.95
1.66
0.95
1.07
1.66
0.95
1.66
0.95
1.66
0.95
1.07
1.66
0.95
1.07
0.95
1.66
1.07
0.95
1.66
0.95
1.66
0.95
1.16
1.30
1.16
1.30
1.16
1.30
1.16
1.30
1.16
1.30
1.16
1.30
1.16
1.30
1.16
1.30
1.16
1.30
1.16
1.30
1.16
1.30
1.16
1.30
1.16
1.30
1.16
1.30
1.16
1.30
1.16
1.30
1.16
1.30
1.16
1.30
1.16
1.30
1.16
1.30
1.16
1.30
0.78
1.20
0.78
1.20
0.78
1.20
0.78
1.20
0.78
1.20
0.78
1.20
0.78
1.20
0.78
1.20
0.78
1.20
0.78
1.20
0.78
1.20
0.78
1.20
0.78
1.20
0.78
1.20
0.78
1.20
0.78
1.20
0.78
1.20
0.78
1.20
0.78
1.20
0.78
1.20
0.78
1.20
0.78
1.20
0.78
1.20
0.78
1.20
0.78
1.20
0.78
1.20
0.78
1.20
0.78
1.74
1.24
1.61
2.19
1.24
2.19
1.61
1.24
2.19
1.24
1.61
1.74
1.24
2.19
1.24
2.00
1.24
1.74
1.24
2.00
1.74
2.19
1.24
1.61
2.19
2.00
1.24
2.00
1.24
2.19
1.24
2.19
1.24
1.61
1.24
1.74
1.24
1.61
1.74
1.24
1.74
1.24
1.61
1.24
2.19
1.24
1.74
1.61
2.19
1.24
2.19
1.61
1.24
1.74
1.24
2.19
1.24
1.74
2.19
1.24
2.19
1.74
2.19
2.00
1.24
1.74
2.00
1.24
1.74
1.24
1.61
1.74
2.19
1.24
1.61
2.19
1.24
1.61
1.24
1.61
1.24
1.61
1.74
2.19
1.24
1.74
1.24
1.61
1.24
1.61
1.74
1.24
2.19
1.24
1.74
1.24
1.01
0.82
1.01
0.82
1.01
0.82
1.01
0.82
1.01
0.82
1.01
0.82
1.01
0.82
1.01
0.82
1.01
0.82
1.01
0.82
1.01
0.82
1.01
0.82
1.01
0.82
1.01
0.82
1.01
1.61
1.19
1.61
1.19
0.89
1.61
0.89
1.19
0.89
1.19
1.61
1.19
0.89
1.19
0.89
1.61
1.19
0.89
1.19
1.61
1.19
1.61
1.19
1.61
0.89
1.19
0.89
1.61
0.89
1.19
0.89
1.61
1.19
1.61
0.89
1.19
0.89
1.61
0.89
1.61
1.19
0.89
1.19
1.61
0.89
1.61
1.19
1.61
1.19
0.89
1.19
0.89
1.19
1.61
0.89
1.19
1.61
1.19
0.89
1.19
1.61
0.89
1.19
1.61
0.89
1.19
0.89
1.19
1.61
1.19
0.89
1.61
0.89
1.61
1.19
1.61
1.19
1.61
1.19
0.89
1.61
0.89
1.61
1.19
1.61
0.89
1.61
0.89
1.19
0.89
1.19
1.61
0.89
1.61
1.19
0.89
1.19
1.61
0.89
1.61
0.89
1.19
1.61
1.19
1.61
1.19
0.89
1.61
1.19
0.89
1.61
1.19
0.89
1.19
0.89
1.61
0.89
1.38
1.51
1.38
1.51
1.38
1.51
1.38
1.51
1.38
1.51
1.38
1.51
1.38
1.51
1.38
1.51
1.38
1.51
1.38
1.51
1.38
1.51
1.38
1.51
1.38
1.51
1.38
1.51
1.38
1.51
1.38
1.51
1.38
1.51
1.38
1.51
1.38
1.51
1.38
1.51
1.38
1.51
1.38
1.51
1.38
1.51
1.38
1.51
1.38
1.51
1.38
1.51
1.38
1.51
1.38
1.51
1.38
0.64
0.65
1.51
1.18
1.25
1.18
1.25
1.18
1.25
1.18
1.25
1.18
1.25
1.18
1.25
1.18
1.25
1.18
1.25
1.18
1.25
1.18
1.25
1.18
1.25
1.22
0.62
0.76
0.70
0.67
0.70
0.67
0.70
0.67
0.70
0.67
0.70
0.67
0.70
0.67
0.70
0.67
0.70
0.67
0.70
0.67
0.70
0.67
0.70
0.67
0.70
0.67
0.70
0.67
0.70
0.67
0.70
0.67
0.70
0.67
0.70
0.67
0.70
0.67
0.70
0.67
0.70
0.67
0.70
0.67
0.70
0.67
0.70
0.67
0.70
0.67
0.70
0.67
0.67
0.66
0.67
0.66
0.67
0.66
0.67
0.66
0.67
0.66
0.67
0.66
0.67
0.66
0.67
0.66
0.67
0.66
0.67
0.66
0.67
0.66
0.67
0.66
0.67
0.66
0.67
0.66
0.67
0.66
0.67
0.66
0.67
0.66
0.67
0.66
0.67
0.66
0.67
0.66
0.67
0.66
0.67
0.66
0.67
0.66
0.67
0.66
0.67
0.66
0.67
0.66
0.67
0.66
0.67
0.66
1.35
1.38
1.29
1.29
1.29
1.29
1.29
1.29
1.29
1.29
1.29
1.29
1.29
1.29
1.29
1.29
1.29
1.29
1.29
1.29
1.29
1.29
1.29
1.29
1.29
1.29
1.29
1.29
1.29
1.29
1.29
1.29
1.29
1.29
1.29
1.29
1.29
1.29
1.29
1.29
1.29
1.29
1.29
1.29
1.29
1.29
1.29
1.29
1.29
1.29
1.29
1.29
1.29
1.29
1.29
1.29
1.29
1.29
1.29
1.29
1.29
1.29
1.29
1.29
1.29
1.29
1.29
1.29
1.29
1.29
1.29
1.29
1.29
1.29
1.38
1.29
1.38
1.29
1.38
1.29
1.38
1.29
1.38
1.29
1.38
1.29
1.38
1.29
1.38
1.29
1.38
1.29
1.38
1.29
1.38
1.29
1.38
1.29
1.38
1.29
1.38
1.29
1.38
1.29
1.38
1.29
1.38
1.29
1.38
1.29
1.38
1.29
1.38
1.29
1.38
1.29
1.38
1.29
1.38
1.29
1.38
1.29
1.38
1.29
1.38
1.29
1.38
1.29
1.38
1.29
1.38
1.29
1.38
1.29
1.38
1.29
1.38
1.29
1.38
1.29
1.38
1.29
1.38
1.29
1.38
1.29
1.21
1.22
1.09
1.04
1.03
0.83
1.03
1.60
1.54
1.48
1.17
1.33
1.68
1.21
1.68
1.21
1.68
1.21
1.68
1.21
1.68
1.21
1.68
1.21
1.68
1.21
1.68
1.21
1.68
1.21
1.68
1.21
1.68
1.21
1.68
1.21
1.68
1.21
1.68
1.21
1.68
1.21
1.68
1.21
1.68
1.21
1.68
1.21
1.68
1.21
1.68
1.21
1.68
1.21
1.68
1.21
1.68
1.21
1.68
1.21
1.68
1.21
1.68
1.56
1.16
1.56
1.16
1.56
1.16
1.56
1.16
1.56
1.16
1.56
1.16
1.56
1.16
1.56
1.16
1.56
1.16
1.56
1.16
1.56
1.16
1.56
1.16
1.56
1.16
1.56
1.16
1.56
1.16
1.56
1.16
1.56
1.16
1.56
1.16
1.56
1.16
1.56
1.16
1.56
1.16
1.56
1.16
1.56
1.16
1.56
1.16
1.56
1.16
1.56
1.16
1.56
1.16
1.56
1.16
1.56
1.16
1.56
1.16
1.56
1.16
1.56
1.16
1.56
1.16
1.56
1.16
1.56
1.16
1.56
1.16
1.56
1.16
1.56
1.16
1.56
1.16
1.56
1.16
1.56
1.16
0.97
1.24
0.97
1.24
0.97
1.24
0.97
1.24
0.97
1.24
0.97
1.24
0.97
1.24
0.97
1.24
0.97
1.24
0.97
1.24
0.97
1.24
0.97
1.24
0.97
1.24
0.97
1.24
0.97
1.24
0.97
1.24
0.97
1.24
0.97
1.24
0.97
1.24
0.97
1.24
0.97
1.24
0.97
1.24
0.97
1.24
0.97
1.24
0.97
1.24
0.97
1.24
0.97
1.24
0.97
1.24
0.97
1.24
0.97
1.24
0.97
1.24
0.97
1.24
0.97
1.24
0.97
1.24
0.97
1.24
0.97
1.24
0.97
1.24
0.97
1.24
0.97
1.24
0.97
1.24
0.97
1.24
0.76
1.70
0.76
1.70
0.76
1.70
0.76
1.70
0.76
1.70
0.76
1.70
0.76
1.70
0.76
1.70
0.76
1.70
0.76
1.70
0.76
1.70
0.76
1.70
0.76
1.70
0.76
1.70
0.76
1.70
0.76
1.70
0.76
1.70
0.76
1.70
0.76
1.70
0.76
1.70
0.76
1.70
0.76
1.70
1.35
1.50
1.97
1.82
1.97
1.82
1.97
1.82
1.97
1.82
1.97
1.82
1.97
1.82
1.97
1.82
1.97
1.82
1.97
1.82
1.97
1.82
1.97
1.82
1.97
1.82
1.97
1.35
1.95
1.35
1.95
1.35
1.95
1.35
1.95
1.35
1.95
1.35
1.95
1.35
1.95
1.35
1.95
1.35
1.95
1.35
1.95
1.35
1.95
1.35
1.95
1.35
1.95
1.35
1.95
1.35
1.95
1.35
1.95
1.35
1.95
1.35
1.95
1.35
1.95
1.35
1.95
1.35
1.95
1.35
1.95
1.35
1.95
1.35
1.95
1.35
1.95
1.35
1.95
1.35
1.95
1.35
1.95
1.35
1.95
1.35
1.95
1.35
1.95
1.35
1.76
1.29
1.57
1.29
1.57
1.29
1.57
1.29
1.76
1.29
1.57
1.29
1.76
1.29
1.76
1.29
1.76
1.57
1.29
1.57
1.76
1.29
1.76
1.29
1.57
1.29
1.57
1.29
1.57
1.29
1.57
1.29
1.57
1.76
1.29
1.76
1.29
1.57
1.29
1.76
1.29
1.57
1.29
1.57
1.29
1.76
1.29
1.57
1.29
1.57
1.29
1.76
1.29
1.57
1.76
1.29
1.76
1.29
1.57
1.29
1.57
1.76
1.57
1.29
1.57
1.29
1.57
1.29
1.57
1.29
1.57
1.76
1.57
1.29
1.76
1.29
1.57
1.29
1.57
1.76
1.29
1.57
1.29
1.57
1.29
0.97
1.48
1.31
1.42
1.30
1.54
1.21
1.57
1.45
1.57
1.45
1.57
1.45
1.57
1.45
1.57
1.45
1.57
1.45
1.57
1.45
1.57
1.45
1.57
1.45
1.57
1.45
1.57
1.45
1.57
1.45
1.57
1.45
1.57
1.45
1.57
1.45
1.57
1.45
1.57
1.45
1.57
1.45
1.57
1.45
1.57
1.45
1.57
1.45
1.57
1.45
1.57
1.45
1.57
1.45
1.57
1.45
1.57
1.45
1.57
1.45
1.57
1.45
1.57
1.45
1.57
1.45
1.42
1.04
1.49
1.53
2.16
1.31
1.27
1.06
0.81
1.04
0.91
1.21
0.83
0.88
1.34
0.87
0.96
1.12
0.76
1.42
1.13
1.60
1.12
1.81
1.21
1.29
1.28
1.44
1.57
0.94
0.91
0.94
0.91
0.94
0.91
0.94
0.91
0.94
0.91
0.94
0.91
0.94
0.91
0.94
0.91
0.94
0.91
0.94
0.91
0.94
0.91
0.94
0.91
0.94
0.91
0.94
0.91
0.94
0.91
0.94
0.91
0.94
0.91
0.94
0.91
0.94
0.91
0.94
0.91
0.94
0.91
0.94
0.91
0.94
0.91
0.94
0.91
0.94
0.91
0.94
0.91
0.94
0.91
0.94
0.91
0.94
0.91
0.94
0.91
0.94
1.39
1.64
2.28
2.22
2.49
2.06
2.28
2.06
2.28
2.06
2.28
2.06
2.28
2.06
2.28
2.06
2.28
2.06
2.28
2.06
2.28
2.06
2.28
2.06
2.28
2.06
2.28
2.06
2.28
2.06
2.28
2.06
2.28
2.06
2.28
2.06
2.28
2.06
2.28
2.06
2.28
2.06
2.28
2.06
2.28
2.06
2.28
2.06
2.28
2.06
2.28
2.06
2.28
2.06
2.28
2.06
2.28
2.06
2.28
2.06
2.28
2.50
5.00
2.50
3.44
2.50
3.44
2.50
5.00
2.50
5.00
2.50
5.00
2.50
2.31
1.88
2.82
1.88
2.82
1.88
2.31
2.82
1.88
2.82
2.31
1.88
2.31
2.82
1.88
2.31
1.88
2.31
2.82
1.88
2.82
2.31
1.88
2.31
1.88
2.31
1.88
2.82
1.88
2.82
1.88
2.31
1.88
2.82
2.31
1.88
2.31
1.88
2.82
1.88
2.82
1.88
2.31
2.82
1.88
2.82
1.88
2.31
1.88
2.82
1.88
2.31
2.82
1.88
2.82
1.88
2.31
2.82
2.31
1.88
2.31
1.88
2.31
1.88
2.82
2.31
2.82
1.88
2.82
1.88
2.82
1.88
2.82
1.88
2.82
2.31
1.88
2.31
1.88
2.82
1.88
2.82
2.31
1.88
2.82
2.31
1.88
2.82
2.31
1.88
1.49
1.42
1.64
3.94
3.09
3.94
3.09
3.94
3.09
3.94
3.09
3.94
3.09
3.94
3.09
3.94
3.09
3.94
3.09
3.94
3.09
3.94
3.09
3.94
3.09
3.94
3.09
3.94
3.09
3.94
3.09
3.94
3.09
3.94
3.09
3.94
3.09
3.94
3.09
3.94
3.09
3.94
3.09
3.94
3.09
3.94
3.09
3.94
3.09
3.94
3.09
3.94
3.09
3.94
3.09
3.94
3.09
3.94
3.09
3.94
3.09
3.94
3.09
3.94
3.09
3.94
3.09
3.94
3.09
3.94
3.09
3.94
3.09
3.94
3.09
3.94
3.09
3.94
3.09
3.94
3.09
3.94
3.09
3.94
3.09
3.94
3.09
3.94
3.09
2.20
2.22
1.94
1.82
2.19
1.73
1.49
2.28
3.20
2.28
3.20
2.28
3.20
2.28
3.20
2.28
3.20
2.28
3.20
2.28
3.20
2.28
3.20
2.28
3.20
2.28
3.20
2.28
3.20
2.28
3.20
2.28
3.20
2.28
3.20
2.28
3.20
2.28
3.20
2.28
3.20
2.28
3.20
2.28
3.20
2.28
3.20
2.28
3.20
2.28
3.20
2.28
3.20
2.28
3.20
2.28
3.20
2.28
3.20
2.28
3.20
2.28
3.20
2.28
3.20
2.28
3.20
2.28
3.20
2.28
3.20
2.28
3.20
2.28
3.20
2.28
3.20
2.28
3.20
2.28
3.20
2.28
3.20
2.28
3.20
2.28
3.20
2.28
3.20
2.28
3.20
2.28
3.20
2.28
3.20
2.28
3.20
2.28
3.20
2.28
3.20
2.62
2.29
2.65
2.29
2.65
2.29
2.65
2.62
2.65
2.29
2.65
2.62
2.65
2.29
2.65
2.29
2.62
2.65
2.62
2.29
2.62
2.65
2.29
2.65
2.62
2.65
2.29
2.65
2.62
2.29
2.65
2.29
2.65
2.62
2.65
2.62
2.29
2.62
2.29
2.65
2.29
2.62
2.65
2.29
2.62
2.29
2.65
2.29
2.65
2.62
2.65
2.29
2.65
2.29
2.62
2.29
2.62
2.65
2.62
2.29
2.62
2.29
2.62
2.29
2.65
2.62
2.65
2.62
2.65
2.62
2.65
2.29
2.65
2.62
2.65
2.62
2.29
2.65
2.29
2.65
2.62
2.29
2.65
2.29
2.65
2.62
2.65
3.92
1.97
2.17
5.66
3.46
1.51
2.43
1.81
2.73
1.78
1.98
1.17
1.44
1.17
1.44
1.17
1.44
1.17
1.44
1.17
1.44
1.17
1.44
1.17
1.44
1.17
1.44
1.17
1.44
1.17
1.44
1.17
1.44
1.17
1.44
1.17
1.44
1.17
1.44
1.17
1.44
1.17
1.44
1.17
1.44
1.17
1.44
1.17
1.44
1.17
1.44
1.17
1.44
1.17
1.44
1.17
1.44
1.17
1.44
1.17
1.44
1.17
1.44
1.17
1.44
1.17
1.44
1.17
1.44
1.17
1.44
1.17
1.44
1.17
1.05
1.44
1.05
1.44
1.05
1.44
1.05
1.44
1.05
1.44
1.05
1.44
1.05
1.44
1.05
1.44
1.05
1.44
1.05
1.44
1.05
1.44
1.05
1.44
1.05
1.44
1.05
1.57
1.07
1.57
1.07
1.57
1.07
1.57
1.07
1.57
1.07
1.57
1.07
1.57
1.07
1.57
1.07
1.57
1.07
1.57
1.07
1.57
1.07
1.57
1.07
1.57
1.07
1.57
1.07
1.57
1.07
1.57
1.07
1.57
1.07
1.57
1.07
1.57
1.07
1.57
1.07
1.57
1.07
1.57
1.07
1.57
1.07
1.57
1.07
1.57
1.07
1.57
1.07
1.57
1.29
1.19
1.24
1.03
0.90
1.77
0.90
1.03
1.24
1.03
0.90
1.03
0.90
1.24
0.90
1.03
0.90
1.03
1.77
0.90
1.03
0.90
1.77
0.90
1.03
0.90
1.77
1.03
0.90
1.03
1.24
1.77
1.24
0.90
1.77
1.24
0.90
1.24
1.03
0.90
1.03
1.24
0.90
1.03
0.90
1.03
0.90
1.03
0.90
1.77
0.90
1.03
0.90
1.03
0.90
1.77
1.03
0.90
1.03
0.90
1.77
0.90
1.03
0.90
1.24
0.90
1.03
0.90
1.77
0.90
1.03
1.77
0.90
1.03
1.77
0.90
1.24
1.77
0.90
1.03
1.24
0.90
1.24
1.03
1.77
1.03
0.90
1.03
0.90
1.77
1.03
0.90
1.03
1.24
0.90
1.03
1.24
1.03
1.24
1.03
0.90
1.77
0.90
1.77
0.90
1.03
1.77
0.90
1.03
1.24
1.03
0.90
1.03
0.90
1.03
1.77
0.90
0.94
1.32
0.94
1.32
1.44
1.32
1.44
1.32
0.94
1.44
1.32
1.44
0.94
1.32
1.44
1.32
0.94
1.32
0.94
1.32
0.94
1.44
1.32
1.44
0.94
1.44
1.32
0.94
1.32
0.94
1.44
1.32
1.44
0.94
1.32
1.44
1.32
0.94
1.44
0.94
1.32
0.94
1.32
1.44
1.32
1.44
1.32
0.94
1.44
1.32
0.94
1.32
1.44
1.32
0.94
1.44
1.32
1.44
1.32
0.94
1.32
1.44
0.94
1.44
0.94
1.32
0.94
1.32
0.94
1.32
1.44
0.94
1.32
0.94
1.44
0.94
1.44
1.32
1.44
1.32
0.94
1.44
1.32
1.44
0.94
1.32
1.44
1.32
1.44
0.94
1.32
0.94
1.32
0.94
1.32
1.44
0.94
1.32
1.44
0.94
1.32
1.44
1.32
1.44
0.94
1.44
2.19
2.03
2.19
2.03
2.19
2.03
2.19
2.03
2.19
2.03
2.19
2.03
2.19
2.03
2.19
2.03
2.19
2.03
2.19
2.03
2.19
2.03
2.19
2.03
2.19
2.03
2.19
2.03
2.19
2.03
2.19
2.03
2.19
2.03
2.19
2.03
2.99
2.48
2.99
2.48
2.99
2.48
2.99
2.48
2.99
2.48
2.99
2.48
2.99
2.48
2.99
2.48
2.99
2.48
2.99
2.48
2.99
2.48
2.99
2.48
2.99
2.48
2.99
2.48
2.99
2.48
2.99
2.48
2.99
2.48
2.99
2.48
2.99
2.48
2.99
2.48
2.99
2.48
2.99
2.48
2.99
2.48
2.99
2.48
2.99
2.48
2.99
2.48
2.99
2.48
2.99
2.48
2.99
2.48
2.99
2.48
2.99
2.48
2.99
2.48
2.99
2.48
2.99
2.48
2.99
2.48
2.99
2.48
2.99
2.48
2.99
2.48
2.99
2.48
2.99
2.48
2.99
2.48
2.99
2.48
2.99
2.48
2.99
2.77
2.91
1.24
1.77
2.02
1.24
1.77
1.02
1.50
1.02
2.02
1.77
2.02
1.02
2.02
1.24
2.02
1.02
1.24
1.77
1.02
2.02
1.02
2.02
1.50
1.24
1.02
2.02
1.77
1.02
1.50
1.02
2.02
1.50
1.02
1.50
1.24
1.50
2.02
1.24
1.77
1.02
2.02
1.77
1.50
1.02
1.24
1.02
1.50
1.24
1.77
1.02
1.50
2.02
1.02
1.24
1.02
2.02
1.77
1.24
2.02
1.24
1.77
1.02
2.02
1.02
2.02
1.02
2.02
1.24
2.02
1.24
1.02
1.50
1.24
1.02
2.02
1.02
2.02
1.02
1.50
2.02
1.02
2.02
1.02
1.50
1.24
1.02
2.02
1.02
1.77
1.24
1.02
2.02
1.02
2.02
1.02
1.50
1.02
1.24
1.02
1.24
1.02
2.02
1.50
1.24
1.02
1.50
1.02
1.77
1.50
1.02
2.02
1.24
1.77
1.02
1.24
1.77
2.02
1.50
2.02
1.02
1.24
2.02
1.02
1.50
2.02
1.02
1.77
2.02
1.77
1.02
1.77
1.02
2.02
1.50
2.02
1.50
2.02
1.02
1.24
1.50
1.02
1.77
1.02
1.50
1.02
2.02
1.50
1.02
2.02
1.50
2.02
1.02
2.02
1.02
1.24
1.02
2.02
1.50
1.77
1.02
1.51
0.80
1.51
0.80
0.50
2.16
1.51
2.16
0.80
2.16
1.51
2.16
0.80
1.51
0.80
2.16
0.80
2.16
1.51
0.80
2.16
1.51
0.80
0.50
0.80
1.51
0.80
1.51
0.80
1.51
2.16
1.51
0.50
0.80
0.50
2.16
1.51
0.50
0.80
0.50
1.51
0.80
1.51
2.16
0.80
2.16
1.51
2.16
1.51
0.80
2.16
0.50
1.51
0.50
2.16
1.51
0.80
1.51
0.80
0.50
0.80
2.16
0.80
1.51
2.16
0.50
2.16
0.80
1.51
0.80
2.16
0.80
1.51
0.50
0.80
2.16
0.80
0.50
0.80
1.51
0.80
1.51
0.80
1.51
0.80
2.16
1.51
0.80
1.51
0.80
1.51
0.80
0.50
1.51
2.16
1.51
0.80
1.51
2.16
1.51
2.16
0.80
2.16
0.80
1.51
2.16
0.50
1.51
2.16
1.51
0.80
0.50
0.80
1.51
0.50
2.16
1.51
2.16
0.80
1.51
0.80
1.51
0.80
1.51
0.80
2.16
1.51
0.80
2.16
1.51
0.80
0.50
2.16
0.80
1.51
0.50
2.16
1.51
0.50
2.34
2.46
1.17
2.34
1.47
2.34
0.82
2.46
2.34
2.46
1.47
2.46
1.17
2.46
2.43
2.34
1.47
2.43
2.46
1.47
2.46
2.34
1.17
2.43
2.46
2.34
0.82
2.43
2.34
2.43
2.46
2.34
2.43
2.34
2.46
1.17
2.34
2.43
1.47
2.46
2.34
2.46
1.17
0.82
2.46
2.34
1.17
2.34
2.43
2.34
2.46
2.43
0.82
1.17
0.82
2.46
2.34
2.46
1.17
2.34
2.43
2.46
2.43
2.46
1.17
2.46
1.17
2.43
2.34
1.17
0.82
2.46
2.43
2.46
1.47
2.34
2.46
1.47
2.43
2.34
1.17
2.43
2.46
0.82
2.43
2.34
1.17
2.46
2.43
2.46
1.47
2.46
2.43
2.34
1.47
1.17
2.43
0.82
1.17
0.82
2.46
2.34
1.17
0.82
2.43
2.34
1.47
0.82
2.43
2.34
2.43
2.46
1.17
2.34
2.43
2.34
2.46
2.34
2.46
2.43
2.46
2.43
2.34
2.46
2.34
2.46
2.34
1.47
0.82
2.46
2.43
2.34
2.43
2.46
2.34
2.46
2.34
2.46
2.43
2.34
2.43
2.34
1.47
2.43
2.34
2.43
2.46
2.34
2.43
2.46
2.34
2.46
1.47
2.46
1.47
1.17
2.46
2.34
2.46
1.03
1.87
1.03
1.87
0.97
1.87
1.03
0.97
1.87
1.03
1.87
1.03
0.97
1.87
0.97
1.03
1.87
1.03
0.97
1.87
1.03
1.87
1.03
1.87
1.03
1.87
0.97
1.03
1.87
1.03
1.87
1.03
1.87
0.97
1.03
1.87
0.97
1.87
1.03
1.87
0.97
1.03
1.87
1.03
1.87
0.97
1.87
0.97
1.87
1.03
0.97
1.03
1.87
0.97
1.87
1.03
1.87
0.97
1.87
1.03
1.87
1.03
0.97
1.87
0.97
1.87
1.03
1.87
1.03
0.97
1.03
1.87
1.03
1.87
1.03
1.87
1.03
1.87
1.03
0.97
1.03
0.97
1.87
0.97
1.03
1.87
1.03
0.97
1.87
0.97
1.03
1.87
0.97
1.03
1.87
1.03
1.87
1.03
1.87
0.97
1.03
1.87
0.97
1.03
1.87
0.97
1.03
1.87
0.97
1.03
1.87
0.81
0.99
0.81
0.99
0.81
0.99
0.81
0.99
0.81
0.99
0.81
0.99
0.81
1.19
0.99
0.81
0.99
0.81
0.99
0.81
0.99
0.81
0.99
0.81
0.99
0.81
0.99
1.19
0.99
0.81
0.99
0.81
0.99
1.19
0.81
0.99
1.19
0.99
0.81
0.99
0.81
0.99
0.81
0.99
0.81
0.99
0.81
0.99
1.19
0.99
0.81
0.99
0.81
0.99
0.81
0.99
0.81
0.99
0.81
0.99
0.81
0.99
0.81
0.99
0.81
0.99
0.81
0.99
0.81
2.83
2.97
2.74
2.58
2.81
3.34
2.53
2.82
