64.40
72.54
64.40
64.41
72.54
64.41
72.54
64.40
72.54
64.41
72.54
64.40
72.54
64.41
64.40
64.41
72.54
64.41
72.54
64.41
72.54
64.40
64.41
72.54
64.41
72.54
64.41
72.54
64.40
64.41
72.54
64.40
72.54
64.41
64.40
64.41
72.54
64.40
72.54
64.41
72.54
64.41
72.54
64.40
72.54
64.41
72.54
64.41
72.54
64.41
72.54
64.40
72.54
64.40
64.41
72.54
64.41
72.54
64.41
72.54
64.41
72.54
64.41
72.54
64.41
72.54
64.40
64.41
72.54
64.41
64.40
64.41
72.54
64.41
72.54
64.41
64.40
64.41
64.40
64.41
72.54
64.40
64.41
72.54
64.41
64.40
72.54
64.41
72.54
64.40
64.41
72.54
64.41
72.54
64.41
72.54
64.41
64.40
72.54
64.41
64.40
64.41
72.54
64.41
72.54
64.41
64.40
64.41
72.54
64.41
72.54
64.41
72.54
64.41
72.54
64.41
64.40
64.41
72.54
64.40
64.41
69.60
71.63
73.49
71.63
73.49
71.63
64.95
73.49
71.63
73.49
69.60
71.63
64.95
73.49
71.63
69.60
71.63
69.60
71.63
69.60
64.95
73.49
71.63
64.95
69.60
71.63
69.60
71.63
64.95
71.63
73.49
71.63
73.49
71.63
64.95
71.63
73.49
69.60
71.63
69.60
71.63
73.49
71.63
69.60
73.49
71.63
73.49
71.63
69.60
71.63
73.49
71.63
64.95
73.49
71.63
64.95
73.49
69.60
71.63
69.60
71.63
64.95
71.63
73.49
69.60
64.95
73.49
71.63
73.49
71.63
73.49
71.63
73.49
71.63
73.49
69.60
64.95
71.63
69.60
71.63
73.49
71.63
73.49
69.60
71.63
64.95
71.63
64.95
71.63
52.26
59.82
59.15
59.82
59.15
59.82
59.15
59.82
59.15
52.26
59.82
59.15
59.82
52.26
59.82
52.26
59.82
52.26
59.15
59.82
59.15
52.26
59.82
52.26
59.82
59.15
59.82
59.15
59.82
59.15
59.82
52.26
59.82
59.15
52.26
59.82
52.26
59.82
59.15
59.82
52.26
59.15
59.82
59.15
59.82
52.26
59.82
59.15
59.82
59.15
59.82
59.15
52.26
59.82
52.26
59.82
52.26
59.15
59.82
59.15
52.26
59.15
59.82
59.15
59.82
59.15
59.82
59.15
59.82
59.15
52.26
59.15
59.82
52.26
59.82
59.15
59.82
59.15
52.26
59.82
59.15
59.82
52.26
59.82
67.16
66.07
90.56
66.07
90.56
66.07
90.56
66.07
67.16
66.07
90.56
66.07
67.16
66.07
67.16
66.07
67.16
90.56
66.07
90.56
67.16
66.07
67.16
66.07
90.56
66.07
90.56
66.07
90.56
66.07
90.56
66.07
67.16
66.07
67.16
66.07
90.56
66.07
67.16
66.07
90.56
66.07
90.56
66.07
67.16
66.07
90.56
66.07
90.56
66.07
90.56
67.16
66.07
67.16
66.07
90.56
66.07
67.16
90.56
66.07
90.56
66.07
90.56
66.07
67.16
90.56
66.07
67.16
66.07
90.56
67.16
66.07
90.56
66.07
90.56
66.07
64.89
80.23
64.89
80.23
64.89
80.23
64.89
80.23
64.89
80.23
64.89
80.23
64.89
80.23
64.89
80.23
64.89
80.23
64.89
80.23
64.89
80.23
64.89
80.23
64.89
80.23
64.89
80.23
64.89
80.23
64.89
80.23
64.89
80.23
64.89
80.23
64.89
80.23
64.89
80.23
64.89
80.23
64.16
63.48
64.16
63.48
64.16
63.48
64.16
63.48
64.16
63.48
64.16
63.48
64.16
63.48
64.16
63.48
64.16
63.48
64.16
63.48
64.16
63.48
64.16
63.48
64.16
63.48
64.16
63.48
64.16
63.48
64.16
63.48
64.16
63.48
64.16
63.48
64.16
63.48
64.16
63.48
64.16
63.48
64.16
63.48
64.16
63.48
64.16
63.48
64.16
63.48
64.16
63.48
64.16
63.48
64.16
58.05
76.32
76.76
66.59
76.32
66.59
76.76
76.32
66.59
76.32
76.76
58.05
76.32
66.59
76.32
82.13
76.32
58.05
76.32
82.13
58.05
66.59
76.32
76.76
66.59
82.13
76.32
82.13
76.32
66.59
76.32
66.59
76.32
76.76
76.32
58.05
76.32
76.76
58.05
76.32
58.05
76.32
76.76
76.32
66.59
76.32
58.05
76.76
66.59
76.32
66.59
76.76
76.32
58.05
76.32
66.59
76.32
58.05
66.59
76.32
66.59
58.05
66.59
82.13
76.32
58.05
82.13
76.32
58.05
76.32
76.76
58.05
66.59
76.32
76.76
66.59
76.32
76.76
76.32
76.76
76.32
76.76
58.05
66.59
76.32
58.05
76.32
76.76
76.32
76.76
58.05
76.32
66.59
76.32
58.05
76.32
67.97
62.75
67.97
62.75
67.97
62.75
67.97
62.75
67.97
62.75
67.97
62.75
67.97
62.75
67.97
62.75
67.97
62.75
67.97
62.75
67.97
62.75
67.97
62.75
67.97
62.75
67.97
62.75
67.97
69.42
57.73
69.42
57.73
55.82
69.42
55.82
57.73
55.82
57.73
69.42
57.73
55.82
57.73
55.82
69.42
57.73
55.82
57.73
69.42
57.73
69.42
57.73
69.42
55.82
57.73
55.82
69.42
55.82
57.73
55.82
69.42
57.73
69.42
55.82
57.73
55.82
69.42
55.82
69.42
57.73
55.82
57.73
69.42
55.82
69.42
57.73
69.42
57.73
55.82
57.73
55.82
57.73
69.42
55.82
57.73
69.42
57.73
55.82
57.73
69.42
55.82
57.73
69.42
55.82
57.73
55.82
57.73
69.42
57.73
55.82
69.42
55.82
69.42
57.73
69.42
57.73
69.42
57.73
55.82
69.42
55.82
69.42
57.73
69.42
55.82
69.42
55.82
57.73
55.82
57.73
69.42
55.82
69.42
57.73
55.82
57.73
69.42
55.82
69.42
55.82
57.73
69.42
57.73
69.42
57.73
55.82
69.42
57.73
55.82
69.42
57.73
55.82
57.73
55.82
69.42
55.82
74.70
73.61
74.70
73.61
74.70
73.61
74.70
73.61
74.70
73.61
74.70
73.61
74.70
73.61
74.70
73.61
74.70
73.61
74.70
73.61
74.70
73.61
74.70
73.61
74.70
73.61
74.70
73.61
74.70
73.61
74.70
73.61
74.70
73.61
74.70
73.61
74.70
73.61
74.70
73.61
74.70
73.61
74.70
73.61
74.70
73.61
74.70
73.61
74.70
73.61
74.70
73.61
74.70
73.61
74.70
73.61
74.70
63.10
58.90
73.07
73.69
60.78
73.69
60.78
73.69
60.78
73.69
60.78
73.69
60.78
73.69
60.78
73.69
60.78
73.69
60.78
73.69
60.78
73.69
60.78
73.69
60.78
50.78
61.21
62.60
65.06
60.24
65.06
60.24
65.06
60.24
65.06
60.24
65.06
60.24
65.06
60.24
65.06
60.24
65.06
60.24
65.06
60.24
65.06
60.24
65.06
60.24
65.06
60.24
65.06
60.24
65.06
60.24
65.06
60.24
65.06
60.24
65.06
60.24
65.06
60.24
65.06
60.24
65.06
60.24
65.06
60.24
65.06
60.24
65.06
60.24
65.06
60.24
65.06
60.24
62.77
66.05
62.77
66.05
62.77
66.05
62.77
66.05
62.77
66.05
62.77
66.05
62.77
66.05
62.77
66.05
62.77
66.05
62.77
66.05
62.77
66.05
62.77
66.05
62.77
66.05
62.77
66.05
62.77
66.05
62.77
66.05
62.77
66.05
62.77
66.05
62.77
66.05
62.77
66.05
62.77
66.05
62.77
66.05
62.77
66.05
62.77
66.05
62.77
66.05
62.77
66.05
62.77
66.05
62.77
66.05
64.77
77.20
75.72
73.34
75.72
73.34
75.72
73.34
75.72
73.34
75.72
73.34
75.72
73.34
75.72
73.34
75.72
73.34
75.72
73.34
75.72
73.34
75.72
73.34
75.72
73.34
75.72
73.34
75.72
73.34
75.72
73.34
75.72
73.34
75.72
73.34
75.72
73.34
75.72
73.34
75.72
73.34
75.72
73.34
75.72
73.34
75.72
73.34
75.72
73.34
75.72
73.34
75.72
73.34
75.72
73.34
75.72
73.34
75.72
73.34
75.72
73.34
75.72
73.34
75.72
73.34
75.72
73.34
75.72
73.34
75.72
73.34
75.72
73.34
64.61
64.58
64.61
64.58
64.61
64.58
64.61
64.58
64.61
64.58
64.61
64.58
64.61
64.58
64.61
64.58
64.61
64.58
64.61
64.58
64.61
64.58
64.61
64.58
64.61
64.58
64.61
64.58
64.61
64.58
64.61
64.58
64.61
64.58
64.61
64.58
64.61
64.58
64.61
64.58
64.61
64.58
64.61
64.58
64.61
64.58
64.61
64.58
64.61
64.58
64.61
64.58
64.61
64.58
64.61
64.58
64.61
64.58
64.61
64.58
64.61
64.58
64.61
64.58
64.61
64.58
64.61
64.58
64.61
64.58
64.61
64.58
67.86
68.05
62.61
63.68
57.52
60.60
68.90
63.52
68.92
71.36
64.68
61.07
75.72
55.68
75.72
55.68
75.72
55.68
75.72
55.68
75.72
55.68
75.72
55.68
75.72
55.68
75.72
55.68
75.72
55.68
75.72
55.68
75.72
55.68
75.72
55.68
75.72
55.68
75.72
55.68
75.72
55.68
75.72
55.68
75.72
55.68
75.72
55.68
75.72
55.68
75.72
55.68
75.72
55.68
75.72
55.68
75.72
55.68
75.72
55.68
75.72
55.68
75.72
65.20
64.67
65.20
64.67
65.20
64.67
65.20
64.67
65.20
64.67
65.20
64.67
65.20
64.67
65.20
64.67
65.20
64.67
65.20
64.67
65.20
64.67
65.20
64.67
65.20
64.67
65.20
64.67
65.20
64.67
65.20
64.67
65.20
64.67
65.20
64.67
65.20
64.67
65.20
64.67
65.20
64.67
65.20
64.67
65.20
64.67
65.20
64.67
65.20
64.67
65.20
64.67
65.20
64.67
65.20
64.67
65.20
64.67
65.20
64.67
65.20
64.67
65.20
64.67
65.20
64.67
65.20
64.67
65.20
64.67
65.20
64.67
65.20
64.67
65.20
64.67
65.20
64.67
65.20
64.67
65.20
64.67
69.37
64.71
69.37
64.71
69.37
64.71
69.37
64.71
69.37
64.71
69.37
64.71
69.37
64.71
69.37
64.71
69.37
64.71
69.37
64.71
69.37
64.71
69.37
64.71
69.37
64.71
69.37
64.71
69.37
64.71
69.37
64.71
69.37
64.71
69.37
64.71
69.37
64.71
69.37
64.71
69.37
64.71
69.37
64.71
69.37
64.71
69.37
64.71
69.37
64.71
69.37
64.71
69.37
64.71
69.37
64.71
69.37
64.71
69.37
64.71
69.37
64.71
69.37
64.71
69.37
64.71
69.37
64.71
69.37
64.71
69.37
64.71
69.37
64.71
69.37
64.71
69.37
64.71
69.37
64.71
69.37
64.71
56.67
59.97
56.67
59.97
56.67
59.97
56.67
59.97
56.67
59.97
56.67
59.97
56.67
59.97
56.67
59.97
56.67
59.97
56.67
59.97
56.67
59.97
56.67
59.97
56.67
59.97
56.67
59.97
56.67
59.97
56.67
59.97
56.67
59.97
56.67
59.97
56.67
59.97
56.67
59.97
56.67
59.97
56.67
59.97
67.31
71.97
72.19
72.89
72.19
72.89
72.19
72.89
72.19
72.89
72.19
72.89
72.19
72.89
72.19
72.89
72.19
72.89
72.19
72.89
72.19
72.89
72.19
72.89
72.19
72.89
72.19
69.83
70.64
69.83
70.64
69.83
70.64
69.83
70.64
69.83
70.64
69.83
70.64
69.83
70.64
69.83
70.64
69.83
70.64
69.83
70.64
69.83
70.64
69.83
70.64
69.83
70.64
69.83
70.64
69.83
70.64
69.83
70.64
69.83
70.64
69.83
70.64
69.83
70.64
69.83
70.64
69.83
70.64
69.83
70.64
69.83
70.64
69.83
70.64
69.83
70.64
69.83
70.64
69.83
70.64
69.83
70.64
69.83
70.64
69.83
70.64
69.83
70.64
69.83
81.68
72.68
69.41
72.68
69.41
72.68
69.41
72.68
81.68
72.68
69.41
72.68
81.68
72.68
81.68
72.68
81.68
69.41
72.68
69.41
81.68
72.68
81.68
72.68
69.41
72.68
69.41
72.68
69.41
72.68
69.41
72.68
69.41
81.68
72.68
81.68
72.68
69.41
72.68
81.68
72.68
69.41
72.68
69.41
72.68
81.68
72.68
69.41
72.68
69.41
72.68
81.68
72.68
69.41
81.68
72.68
81.68
72.68
69.41
72.68
69.41
81.68
69.41
72.68
69.41
72.68
69.41
72.68
69.41
72.68
69.41
81.68
69.41
72.68
81.68
72.68
69.41
72.68
69.41
81.68
72.68
69.41
72.68
69.41
72.68
62.47
61.94
64.35
59.12
67.59
65.95
66.63
75.38
69.63
75.38
69.63
75.38
69.63
75.38
69.63
75.38
69.63
75.38
69.63
75.38
69.63
75.38
69.63
75.38
69.63
75.38
69.63
75.38
69.63
75.38
69.63
75.38
69.63
75.38
69.63
75.38
69.63
75.38
69.63
75.38
69.63
75.38
69.63
75.38
69.63
75.38
69.63
75.38
69.63
75.38
69.63
75.38
69.63
75.38
69.63
75.38
69.63
75.38
69.63
75.38
69.63
75.38
69.63
75.38
69.63
75.38
69.63
68.71
78.72
72.60
82.11
79.47
74.36
84.04
78.90
80.96
86.09
77.97
76.97
75.41
78.25
84.18
73.79
74.13
82.03
73.61
66.16
71.55
72.41
61.36
79.34
71.18
62.97
76.11
63.31
64.14
79.29
73.78
79.29
73.78
79.29
73.78
79.29
73.78
79.29
73.78
79.29
73.78
79.29
73.78
79.29
73.78
79.29
73.78
79.29
73.78
79.29
73.78
79.29
73.78
79.29
73.78
79.29
73.78
79.29
73.78
79.29
73.78
79.29
73.78
79.29
73.78
79.29
73.78
79.29
73.78
79.29
73.78
79.29
73.78
79.29
73.78
79.29
73.78
79.29
73.78
79.29
73.78
79.29
73.78
79.29
73.78
79.29
73.78
79.29
73.78
79.29
76.68
69.29
67.97
61.94
58.36
68.74
67.87
68.74
67.87
68.74
67.87
68.74
67.87
68.74
67.87
68.74
67.87
68.74
67.87
68.74
67.87
68.74
67.87
68.74
67.87
68.74
67.87
68.74
67.87
68.74
67.87
68.74
67.87
68.74
67.87
68.74
67.87
68.74
67.87
68.74
67.87
68.74
67.87
68.74
67.87
68.74
67.87
68.74
67.87
68.74
67.87
68.74
67.87
68.74
67.87
68.74
67.87
68.74
67.87
68.74
67.87
65.08
73.18
65.08
53.08
65.08
53.08
65.08
73.18
65.08
73.18
65.08
73.18
65.08
57.92
68.35
57.92
68.35
57.92
68.35
57.92
57.92
68.35
57.92
57.92
68.35
57.92
57.92
68.35
57.92
68.35
57.92
57.92
68.35
57.92
57.92
68.35
57.92
68.35
57.92
68.35
57.92
68.35
57.92
68.35
57.92
68.35
57.92
57.92
68.35
57.92
68.35
57.92
68.35
57.92
68.35
57.92
57.92
68.35
57.92
68.35
57.92
68.35
57.92
68.35
57.92
57.92
68.35
57.92
68.35
57.92
57.92
57.92
68.35
57.92
68.35
57.92
68.35
57.92
57.92
57.92
68.35
57.92
68.35
57.92
68.35
57.92
68.35
57.92
57.92
68.35
57.92
68.35
57.92
68.35
57.92
57.92
68.35
57.92
57.92
68.35
57.92
57.92
68.35
56.76
57.32
43.42
54.00
46.24
54.00
46.24
54.00
46.24
54.00
46.24
54.00
46.24
54.00
46.24
54.00
46.24
54.00
46.24
54.00
46.24
54.00
46.24
54.00
46.24
54.00
46.24
54.00
46.24
54.00
46.24
54.00
46.24
54.00
46.24
54.00
46.24
54.00
46.24
54.00
46.24
54.00
46.24
54.00
46.24
54.00
46.24
54.00
46.24
54.00
46.24
54.00
46.24
54.00
46.24
54.00
46.24
54.00
46.24
54.00
46.24
54.00
46.24
54.00
46.24
54.00
46.24
54.00
46.24
54.00
46.24
54.00
46.24
54.00
46.24
54.00
46.24
54.00
46.24
54.00
46.24
54.00
46.24
54.00
46.24
54.00
46.24
54.00
46.24
48.71
45.53
51.48
66.87
70.79
60.35
51.08
50.28
44.24
50.28
44.24
50.28
44.24
50.28
44.24
50.28
44.24
50.28
44.24
50.28
44.24
50.28
44.24
50.28
44.24
50.28
44.24
50.28
44.24
50.28
44.24
50.28
44.24
50.28
44.24
50.28
44.24
50.28
44.24
50.28
44.24
50.28
44.24
50.28
44.24
50.28
44.24
50.28
44.24
50.28
44.24
50.28
44.24
50.28
44.24
50.28
44.24
50.28
44.24
50.28
44.24
50.28
44.24
50.28
44.24
50.28
44.24
50.28
44.24
50.28
44.24
50.28
44.24
50.28
44.24
50.28
44.24
50.28
44.24
50.28
44.24
50.28
44.24
50.28
44.24
50.28
44.24
50.28
44.24
50.28
44.24
50.28
44.24
50.28
44.24
50.28
44.24
50.28
44.24
50.28
44.24
45.79
61.98
49.47
61.98
49.47
61.98
49.47
45.79
49.47
61.98
49.47
45.79
49.47
61.98
49.47
61.98
45.79
49.47
45.79
61.98
45.79
49.47
61.98
49.47
45.79
49.47
61.98
49.47
45.79
61.98
49.47
61.98
49.47
45.79
49.47
45.79
61.98
45.79
61.98
49.47
61.98
45.79
49.47
61.98
45.79
61.98
49.47
61.98
49.47
45.79
49.47
61.98
49.47
61.98
45.79
61.98
45.79
49.47
45.79
61.98
45.79
61.98
45.79
61.98
49.47
45.79
49.47
45.79
49.47
45.79
49.47
61.98
49.47
45.79
49.47
45.79
61.98
49.47
61.98
49.47
45.79
61.98
49.47
61.98
49.47
45.79
49.47
51.20
45.09
67.76
56.50
40.41
47.47
50.68
43.85
50.38
62.26
57.58
82.30
85.32
82.30
85.32
82.30
85.32
82.30
85.32
82.30
85.32
82.30
85.32
82.30
85.32
82.30
85.32
82.30
85.32
82.30
85.32
82.30
85.32
82.30
85.32
82.30
85.32
82.30
85.32
82.30
85.32
82.30
85.32
82.30
85.32
82.30
85.32
82.30
85.32
82.30
85.32
82.30
85.32
82.30
85.32
82.30
85.32
82.30
85.32
82.30
85.32
82.30
85.32
82.30
85.32
82.30
85.32
82.30
85.32
82.30
85.32
82.30
85.32
82.30
74.79
64.07
74.79
64.07
74.79
64.07
74.79
64.07
74.79
64.07
74.79
64.07
74.79
64.07
74.79
64.07
74.79
64.07
74.79
64.07
74.79
64.07
74.79
64.07
74.79
64.07
74.79
72.17
64.36
72.17
64.36
72.17
64.36
72.17
64.36
72.17
64.36
72.17
64.36
72.17
64.36
72.17
64.36
72.17
64.36
72.17
64.36
72.17
64.36
72.17
64.36
72.17
64.36
72.17
64.36
72.17
64.36
72.17
64.36
72.17
64.36
72.17
64.36
72.17
64.36
72.17
64.36
72.17
64.36
72.17
64.36
72.17
64.36
72.17
64.36
72.17
64.36
72.17
64.36
72.17
70.82
71.40
58.12
64.96
62.74
63.99
62.74
64.96
58.12
64.96
62.74
64.96
62.74
58.12
62.74
64.96
62.74
64.96
63.99
62.74
64.96
62.74
63.99
62.74
64.96
62.74
63.99
64.96
62.74
64.96
58.12
63.99
58.12
62.74
63.99
58.12
62.74
58.12
64.96
62.74
64.96
58.12
62.74
64.96
62.74
64.96
62.74
64.96
62.74
63.99
62.74
64.96
62.74
64.96
62.74
63.99
64.96
62.74
64.96
62.74
63.99
62.74
64.96
62.74
58.12
62.74
64.96
62.74
63.99
62.74
64.96
63.99
62.74
64.96
63.99
62.74
58.12
63.99
62.74
64.96
58.12
62.74
58.12
64.96
63.99
64.96
62.74
64.96
62.74
63.99
64.96
62.74
64.96
58.12
62.74
64.96
58.12
64.96
58.12
64.96
62.74
63.99
62.74
63.99
62.74
64.96
63.99
62.74
64.96
58.12
64.96
62.74
64.96
62.74
64.96
63.99
62.74
67.93
66.74
67.93
66.74
68.99
66.74
68.99
66.74
67.93
68.99
66.74
68.99
67.93
66.74
68.99
66.74
67.93
66.74
67.93
66.74
67.93
68.99
66.74
68.99
67.93
68.99
66.74
67.93
66.74
67.93
68.99
66.74
68.99
67.93
66.74
68.99
66.74
67.93
68.99
67.93
66.74
67.93
66.74
68.99
66.74
68.99
66.74
67.93
68.99
66.74
67.93
66.74
68.99
66.74
67.93
68.99
66.74
68.99
66.74
67.93
66.74
68.99
67.93
68.99
67.93
66.74
67.93
66.74
67.93
66.74
68.99
67.93
66.74
67.93
68.99
67.93
68.99
66.74
68.99
66.74
67.93
68.99
66.74
68.99
67.93
66.74
68.99
66.74
68.99
67.93
66.74
67.93
66.74
67.93
66.74
68.99
67.93
66.74
68.99
67.93
66.74
68.99
66.74
68.99
67.93
68.99
69.69
71.35
69.69
71.35
69.69
71.35
69.69
71.35
69.69
71.35
69.69
71.35
69.69
71.35
69.69
71.35
69.69
71.35
69.69
71.35
69.69
71.35
69.69
71.35
69.69
71.35
69.69
71.35
69.69
71.35
69.69
71.35
69.69
71.35
69.69
71.35
73.58
68.06
73.58
68.06
73.58
68.06
73.58
68.06
73.58
68.06
73.58
68.06
73.58
68.06
73.58
68.06
73.58
68.06
73.58
68.06
73.58
68.06
73.58
68.06
73.58
68.06
73.58
68.06
73.58
68.06
73.58
68.06
73.58
68.06
73.58
68.06
73.58
68.06
73.58
68.06
73.58
68.06
73.58
68.06
73.58
68.06
73.58
68.06
73.58
68.06
73.58
68.06
73.58
68.06
73.58
68.06
73.58
68.06
73.58
68.06
73.58
68.06
73.58
68.06
73.58
68.06
73.58
68.06
73.58
68.06
73.58
68.06
73.58
68.06
73.58
68.06
73.58
68.06
73.58
68.06
73.58
68.06
73.58
68.06
73.58
68.06
73.58
86.64
78.27
75.32
59.87
79.45
75.32
59.87
66.13
67.54
66.13
79.45
59.87
79.45
66.13
79.45
75.32
79.45
66.13
75.32
59.87
66.13
79.45
66.13
79.45
67.54
75.32
66.13
79.45
59.87
66.13
67.54
66.13
79.45
67.54
66.13
67.54
75.32
67.54
79.45
75.32
59.87
66.13
79.45
59.87
67.54
66.13
75.32
66.13
67.54
75.32
59.87
66.13
67.54
79.45
66.13
75.32
66.13
79.45
59.87
75.32
79.45
75.32
59.87
66.13
79.45
66.13
79.45
66.13
79.45
75.32
79.45
75.32
66.13
67.54
75.32
66.13
79.45
66.13
79.45
66.13
67.54
79.45
66.13
79.45
66.13
67.54
75.32
66.13
79.45
66.13
59.87
75.32
66.13
79.45
66.13
79.45
66.13
67.54
66.13
75.32
66.13
75.32
66.13
79.45
67.54
75.32
66.13
67.54
66.13
59.87
67.54
66.13
79.45
75.32
59.87
66.13
75.32
59.87
79.45
67.54
79.45
66.13
75.32
79.45
66.13
67.54
79.45
66.13
59.87
79.45
59.87
66.13
59.87
66.13
79.45
67.54
79.45
67.54
79.45
66.13
75.32
67.54
66.13
59.87
66.13
67.54
66.13
79.45
67.54
66.13
79.45
67.54
79.45
66.13
79.45
66.13
75.32
66.13
79.45
67.54
59.87
66.13
62.89
56.95
62.89
56.95
63.81
85.25
62.89
85.25
56.95
85.25
62.89
85.25
56.95
62.89
56.95
85.25
56.95
85.25
62.89
56.95
85.25
62.89
56.95
63.81
56.95
62.89
56.95
62.89
56.95
62.89
85.25
62.89
63.81
56.95
63.81
85.25
62.89
63.81
56.95
63.81
62.89
56.95
62.89
85.25
56.95
85.25
62.89
85.25
62.89
56.95
85.25
63.81
62.89
63.81
85.25
62.89
56.95
62.89
56.95
63.81
56.95
85.25
56.95
62.89
85.25
63.81
85.25
56.95
62.89
56.95
85.25
56.95
62.89
63.81
56.95
85.25
56.95
63.81
56.95
62.89
56.95
62.89
56.95
62.89
56.95
85.25
62.89
56.95
62.89
56.95
62.89
56.95
63.81
62.89
85.25
62.89
56.95
62.89
85.25
62.89
85.25
56.95
85.25
56.95
62.89
85.25
63.81
62.89
85.25
62.89
56.95
63.81
56.95
62.89
63.81
85.25
62.89
85.25
56.95
62.89
56.95
62.89
56.95
62.89
56.95
85.25
62.89
56.95
85.25
62.89
56.95
63.81
85.25
56.95
62.89
63.81
85.25
62.89
63.81
73.23
72.29
74.77
73.23
69.62
73.23
71.48
72.29
73.23
72.29
69.62
72.29
74.77
72.29
81.15
73.23
69.62
81.15
72.29
69.62
72.29
73.23
74.77
81.15
72.29
73.23
71.48
81.15
73.23
81.15
72.29
73.23
81.15
73.23
72.29
74.77
73.23
81.15
69.62
72.29
73.23
72.29
74.77
71.48
72.29
73.23
74.77
73.23
81.15
73.23
72.29
81.15
71.48
74.77
71.48
72.29
73.23
72.29
74.77
73.23
81.15
72.29
81.15
72.29
74.77
72.29
74.77
81.15
73.23
74.77
71.48
72.29
81.15
72.29
69.62
73.23
72.29
69.62
81.15
73.23
74.77
81.15
72.29
71.48
81.15
73.23
74.77
72.29
81.15
72.29
69.62
72.29
81.15
73.23
69.62
74.77
81.15
71.48
74.77
71.48
72.29
73.23
74.77
71.48
81.15
73.23
69.62
71.48
81.15
73.23
81.15
72.29
74.77
73.23
81.15
73.23
72.29
73.23
72.29
81.15
72.29
81.15
73.23
72.29
73.23
72.29
73.23
69.62
71.48
72.29
81.15
73.23
81.15
72.29
73.23
72.29
73.23
72.29
81.15
73.23
81.15
73.23
69.62
81.15
73.23
81.15
72.29
73.23
81.15
72.29
73.23
72.29
69.62
72.29
69.62
74.77
72.29
73.23
72.29
65.37
71.66
65.37
71.66
56.02
71.66
65.37
56.02
71.66
65.37
71.66
65.37
56.02
71.66
56.02
65.37
71.66
65.37
56.02
71.66
65.37
71.66
65.37
71.66
65.37
71.66
56.02
65.37
71.66
65.37
71.66
65.37
71.66
56.02
65.37
71.66
56.02
71.66
65.37
71.66
56.02
65.37
71.66
65.37
71.66
56.02
71.66
56.02
71.66
65.37
56.02
65.37
71.66
56.02
71.66
65.37
71.66
56.02
71.66
65.37
71.66
65.37
56.02
71.66
56.02
71.66
65.37
71.66
65.37
56.02
65.37
71.66
65.37
71.66
65.37
71.66
65.37
71.66
65.37
56.02
65.37
56.02
71.66
56.02
65.37
71.66
65.37
56.02
71.66
56.02
65.37
71.66
56.02
65.37
71.66
65.37
71.66
65.37
71.66
56.02
65.37
71.66
56.02
65.37
71.66
56.02
65.37
71.66
56.02
65.37
71.66
63.92
65.53
63.92
65.53
63.92
65.53
63.92
65.53
63.92
65.53
63.92
65.53
63.92
118.05
65.53
63.92
65.53
63.92
65.53
63.92
65.53
63.92
65.53
63.92
65.53
63.92
65.53
118.05
65.53
63.92
65.53
63.92
65.53
118.05
63.92
65.53
118.05
65.53
63.92
65.53
63.92
65.53
63.92
65.53
63.92
65.53
63.92
65.53
118.05
65.53
63.92
65.53
63.92
65.53
63.92
65.53
63.92
65.53
63.92
65.53
63.92
65.53
63.92
65.53
63.92
65.53
63.92
65.53
63.92
83.78
77.70
81.76
80.90
68.22
71.25
76.12
70.70
