50.84
45.61
42.69
45.61
42.69
45.61
50.84
42.69
45.61
42.69
50.84
45.61
42.69
45.61
50.84
45.61
50.84
42.69
45.61
42.69
50.84
42.69
45.61
50.84
45.61
42.69
45.61
42.69
45.61
42.69
45.61
50.84
42.69
50.84
45.61
50.84
45.61
42.69
45.61
42.69
45.61
50.84
42.69
45.61
50.84
45.61
42.69
45.61
50.84
42.69
45.61
42.69
45.61
42.69
50.84
42.69
50.84
45.61
50.84
45.61
42.69
50.84
45.61
42.69
50.84
42.69
45.61
42.69
45.61
42.69
45.61
42.69
45.61
42.69
45.61
42.69
50.84
45.61
50.84
45.61
42.69
45.61
42.69
50.84
45.61
42.69
45.61
42.69
50.84
42.69
42.12
35.21
41.70
35.21
42.12
41.70
42.87
35.21
42.87
42.12
41.70
35.21
41.70
42.12
42.87
42.12
41.70
35.21
42.87
42.12
42.87
42.12
42.87
42.12
42.87
35.21
42.87
42.12
42.87
35.21
42.87
42.12
35.21
42.12
35.21
41.70
42.87
41.70
42.87
42.12
42.87
41.70
42.12
42.87
42.12
35.21
41.70
42.87
41.70
35.21
42.12
41.70
42.12
42.87
41.70
35.21
42.12
42.87
42.12
35.21
42.87
42.12
35.21
42.87
42.12
35.21
42.87
35.21
42.12
41.70
42.12
35.21
42.12
35.21
42.87
42.12
42.87
41.70
42.12
42.87
41.70
42.12
42.87
42.12
41.70
42.87
41.70
35.21
42.87
41.70
42.12
42.87
42.12
42.87
35.21
42.87
41.70
35.21
41.70
42.12
35.21
42.87
42.12
35.21
42.87
42.12
42.87
51.93
41.15
51.93
41.15
51.93
56.89
41.15
51.93
41.15
51.93
41.15
51.93
41.15
51.93
41.15
51.93
56.89
41.15
51.93
41.15
51.93
41.15
51.93
41.15
51.93
41.15
51.93
41.15
51.93
41.15
51.93
41.15
51.93
41.15
51.93
56.89
41.15
51.93
41.15
51.93
56.89
41.15
51.93
41.15
56.89
51.93
41.15
56.89
41.15
51.93
41.15
51.93
41.15
51.93
41.15
51.93
41.15
56.89
41.15
51.93
41.15
51.93
41.15
51.93
41.15
51.93
41.15
56.89
41.15
49.30
40.79
50.25
54.09
40.79
54.09
40.79
54.09
40.79
54.09
49.30
40.79
54.09
40.79
54.09
49.30
40.79
54.09
40.79
50.25
54.09
50.25
40.79
54.09
40.79
54.09
40.79
54.09
40.79
54.09
50.25
54.09
49.30
40.79
49.30
40.79
50.25
40.79
54.09
40.79
49.30
54.09
50.25
54.09
40.79
49.30
40.79
54.09
40.79
54.09
40.79
50.25
40.79
54.09
40.79
49.30
40.79
50.25
54.09
40.79
54.09
40.79
54.09
40.79
54.09
40.79
54.09
40.79
50.25
40.79
54.09
49.30
54.09
40.79
49.30
40.79
54.09
40.79
54.09
49.30
40.79
50.25
54.09
40.79
50.25
54.09
50.25
47.03
44.28
46.54
47.03
44.28
47.03
46.54
44.28
46.54
47.03
44.28
46.54
47.03
44.28
46.54
47.03
46.54
47.03
46.54
44.28
46.54
47.03
46.54
44.28
46.54
44.28
47.03
44.28
47.03
46.54
47.03
46.54
47.03
46.54
47.03
46.54
44.28
46.54
47.03
44.28
46.54
47.03
46.54
47.03
46.54
44.28
46.54
47.03
44.28
46.54
47.03
44.28
46.54
44.28
46.54
44.28
47.03
44.28
47.03
44.28
46.54
47.03
46.54
47.03
46.54
47.03
46.54
44.28
46.54
47.03
46.54
47.03
46.54
44.28
46.54
44.28
47.03
44.28
46.54
47.03
44.28
46.54
47.03
46.54
45.36
38.13
35.79
45.36
35.79
45.36
35.79
38.13
35.79
45.36
35.79
38.13
35.79
38.13
35.79
38.13
35.79
38.13
35.79
38.13
35.79
38.13
45.36
38.13
35.79
38.13
45.36
38.13
45.36
35.79
38.13
45.36
35.79
45.36
38.13
35.79
45.36
35.79
45.36
35.79
38.13
35.79
38.13
35.79
38.13
35.79
38.13
35.79
38.13
35.79
38.13
35.79
45.36
35.79
38.13
35.79
45.36
35.79
38.13
35.79
38.13
35.79
38.13
35.79
45.36
35.79
38.13
45.36
35.79
45.36
35.79
38.13
35.79
38.13
35.79
45.36
35.79
45.36
35.79
45.36
35.79
45.36
38.13
45.36
38.13
35.79
38.13
35.79
45.36
35.79
45.36
35.79
45.36
35.79
45.36
38.13
35.79
38.13
35.79
38.13
45.36
35.79
41.38
39.21
41.38
39.21
35.76
39.09
39.21
39.09
35.76
39.21
35.76
39.09
39.21
39.09
41.38
35.76
39.09
39.21
35.76
39.21
41.38
35.76
39.09
41.38
35.76
41.38
39.09
35.76
39.21
35.76
39.09
41.38
35.76
39.21
35.76
41.38
39.21
39.09
39.21
39.09
35.76
39.09
35.76
39.09
35.76
39.09
41.38
39.21
41.38
39.21
35.76
39.09
39.21
41.38
39.09
35.76
39.09
39.21
41.38
39.21
39.09
39.21
35.76
39.09
39.21
35.76
39.21
41.38
39.21
39.09
41.38
39.21
41.38
39.21
41.38
35.76
39.09
35.76
39.09
41.38
39.09
35.76
39.09
35.76
41.38
39.09
35.76
39.09
39.21
35.76
39.09
41.38
39.09
35.76
41.38
39.21
41.38
39.21
39.09
41.38
39.21
39.09
41.38
39.21
35.76
39.09
39.21
35.76
39.09
41.38
35.76
41.20
42.08
35.27
42.08
35.27
33.94
41.20
33.94
34.37
35.27
34.37
33.94
35.27
41.20
35.27
33.94
34.37
35.27
33.94
42.08
35.27
34.37
41.20
35.27
33.94
35.27
42.08
33.94
42.08
35.27
42.08
34.37
41.20
33.94
35.27
33.94
34.37
41.20
42.08
33.94
35.27
33.94
42.08
41.20
35.27
41.20
34.37
35.27
34.37
41.20
34.37
41.20
33.94
34.37
33.94
42.08
35.27
42.08
35.27
33.94
34.37
35.27
42.08
33.94
34.37
33.94
34.37
33.94
35.27
42.08
35.27
34.37
35.27
41.20
33.94
34.37
35.27
33.94
35.27
42.08
35.27
34.37
42.08
35.27
42.08
35.27
41.20
42.08
35.27
33.94
34.37
41.20
35.27
41.20
33.94
42.08
34.37
35.27
33.94
34.37
35.27
42.08
33.94
41.20
33.94
41.20
35.27
33.94
41.20
33.94
42.08
34.37
33.94
42.08
35.27
41.20
35.27
42.08
35.27
33.94
42.08
35.27
33.94
41.20
42.08
35.27
33.94
34.37
35.27
33.94
34.37
42.08
41.20
33.94
47.13
49.12
40.48
47.13
40.48
47.13
49.12
47.13
40.88
49.12
40.88
47.13
49.12
40.48
40.88
47.13
49.12
40.88
49.12
40.88
47.13
40.88
47.13
40.88
49.12
40.48
47.13
40.48
49.12
40.48
49.12
47.13
49.12
47.13
40.88
47.13
40.88
47.13
40.48
47.13
40.88
49.12
40.48
40.88
47.13
49.12
40.48
47.13
40.48
47.13
40.48
49.12
47.13
49.12
40.48
40.88
47.13
49.12
40.48
40.88
49.12
40.88
49.12
47.13
49.12
47.13
49.12
40.88
40.48
47.13
40.88
47.13
40.88
40.48
47.13
40.88
40.48
49.12
40.48
40.88
40.48
47.13
40.48
47.13
40.88
49.12
40.88
40.48
49.12
47.13
49.12
40.48
47.13
49.12
40.48
47.13
40.48
34.93
34.56
34.93
34.56
34.93
34.56
34.93
34.56
34.93
34.56
34.93
34.56
34.93
34.56
34.93
34.56
34.93
34.56
34.93
34.56
34.93
34.56
34.93
34.56
34.93
34.56
34.93
34.56
34.93
34.56
34.93
34.56
34.93
34.56
34.93
34.56
34.93
34.56
34.93
34.56
34.93
34.56
34.93
34.56
34.93
34.56
34.93
34.56
34.93
34.56
34.93
34.56
34.93
34.56
34.93
34.56
34.93
34.56
34.93
34.56
34.93
34.56
34.93
34.56
34.93
34.56
34.93
34.56
34.93
34.56
34.93
34.56
34.93
34.56
34.93
34.56
34.93
34.56
34.93
34.56
34.93
34.56
34.93
34.56
34.93
34.56
34.93
34.56
34.93
34.56
36.72
42.62
36.72
36.06
42.62
36.06
39.56
36.72
39.56
36.06
39.56
36.06
36.72
36.06
39.56
36.06
39.56
42.62
36.06
39.56
36.72
36.06
42.62
36.06
39.56
42.62
36.06
42.62
39.56
36.72
36.06
39.56
36.72
42.62
36.06
42.62
36.72
36.06
42.62
39.56
36.06
39.56
36.72
39.56
36.72
36.06
39.56
36.06
39.56
36.06
39.56
42.62
36.06
42.62
36.06
39.56
36.06
39.56
36.06
42.62
39.56
36.06
39.56
36.06
42.62
36.06
39.56
36.06
36.72
36.06
39.56
36.06
39.56
36.06
42.62
36.06
39.56
42.62
36.06
42.62
36.06
36.72
42.62
36.06
39.56
36.72
36.06
36.72
39.56
42.62
39.56
36.06
39.56
36.06
42.62
39.56
36.06
36.72
39.56
42.62
36.06
36.72
36.06
39.56
42.62
39.56
42.62
39.56
36.06
42.62
36.06
36.72
36.06
42.62
36.06
39.56
42.62
36.06
39.56
42.62
36.06
39.56
36.06
39.56
42.62
36.72
36.06
45.78
43.46
48.04
43.46
45.62
45.78
43.46
45.78
41.37
43.46
41.37
45.78
43.46
45.78
41.37
45.78
43.46
45.62
43.46
48.04
41.37
45.78
41.37
48.04
45.78
45.62
43.46
45.62
45.78
48.04
45.62
43.46
45.62
45.78
43.46
45.78
43.46
45.78
45.62
45.78
45.62
45.78
45.62
45.78
41.37
45.78
43.46
45.62
45.78
43.46
45.78
45.62
45.78
45.62
43.46
45.78
41.37
45.78
43.46
45.62
41.37
45.78
43.46
45.62
41.37
48.04
43.46
41.37
43.46
45.78
48.04
43.46
45.78
48.04
43.46
48.04
41.37
45.62
45.78
41.37
45.78
41.37
45.78
41.37
48.04
45.78
45.62
45.78
43.46
45.62
41.37
45.62
45.78
45.62
45.78
43.46
41.37
48.04
41.37
45.78
48.04
43.46
45.78
43.46
45.62
45.78
43.46
45.62
45.78
48.04
45.62
49.31
40.74
41.23
49.31
41.23
38.98
38.90
49.31
38.90
41.23
38.90
41.23
49.31
41.23
38.90
41.23
38.98
40.74
41.23
38.90
41.23
38.98
41.23
40.74
38.98
40.74
41.23
40.74
38.90
38.98
41.23
38.98
38.90
49.31
40.74
49.31
40.74
49.31
38.98
41.23
38.98
40.74
49.31
41.23
49.31
38.90
41.23
38.90
49.31
38.98
38.90
38.98
40.74
38.98
40.74
41.23
40.74
41.23
38.98
38.90
41.23
40.74
38.98
38.90
38.98
38.90
38.98
41.23
40.74
41.23
38.90
41.23
49.31
38.98
41.23
40.74
38.90
41.23
38.98
41.23
40.74
41.23
38.90
40.74
38.90
40.74
41.23
40.74
41.23
49.31
41.23
38.98
40.74
38.90
49.31
41.23
49.31
38.90
40.74
38.90
41.23
38.98
38.90
41.23
40.74
38.98
49.31
41.23
38.98
41.23
38.98
38.90
38.98
49.31
40.74
49.31
38.90
38.98
40.74
41.23
49.31
41.23
38.90
49.31
41.23
38.90
49.31
40.74
41.23
38.98
38.90
41.23
38.98
40.74
49.31
38.98
32.40
44.74
52.62
44.74
32.40
52.62
44.74
32.40
44.74
52.62
32.40
44.74
32.40
44.74
32.40
44.74
32.40
44.74
52.62
32.40
44.74
32.40
44.74
32.40
44.74
52.62
44.74
32.40
52.62
32.40
44.74
32.40
44.74
52.62
44.74
32.40
44.74
32.40
52.62
32.40
44.74
52.62
44.74
32.40
44.74
32.40
44.74
32.40
44.74
52.62
44.74
32.40
52.62
44.74
32.40
44.74
32.40
44.74
52.62
32.40
44.74
52.62
32.40
44.74
52.62
44.74
52.62
44.74
52.62
44.74
52.62
32.40
44.74
32.40
44.74
52.62
44.74
52.62
32.40
44.74
52.62
32.40
44.74
52.62
32.40
44.74
48.64
40.50
48.64
40.50
48.64
40.50
48.64
40.50
48.64
40.50
48.64
40.50
48.64
40.50
48.64
40.50
48.64
40.50
48.64
40.50
48.64
40.50
48.64
40.50
48.64
40.50
48.64
40.50
48.64
40.50
48.64
40.50
48.64
40.50
48.64
40.50
48.64
40.50
48.64
40.50
48.64
40.50
48.64
40.50
48.64
40.50
48.64
40.50
48.64
40.50
48.64
40.50
48.64
40.50
48.64
40.50
48.64
40.50
48.64
40.50
48.64
44.58
40.19
35.67
35.81
40.19
35.81
35.67
40.19
35.67
44.58
35.81
40.19
35.81
44.58
35.67
35.81
35.67
44.58
35.67
44.58
35.67
44.58
35.81
35.67
40.19
35.67
35.81
44.58
35.67
40.19
35.67
44.58
35.67
35.81
35.67
40.19
35.81
35.67
35.81
35.67
44.58
35.67
35.81
44.58
35.67
44.58
40.19
35.67
35.81
40.19
44.58
35.81
35.67
35.81
40.19
35.67
44.58
35.67
35.81
35.67
44.58
35.81
40.19
35.67
40.19
35.67
40.19
35.81
44.58
35.81
44.58
35.67
44.58
40.19
35.67
44.58
35.67
35.81
44.58
35.81
35.67
35.81
35.67
35.81
35.67
35.81
40.19
35.67
35.81
44.58
35.81
35.67
44.58
35.67
40.19
35.67
35.81
35.67
35.81
44.58
40.19
35.67
35.81
40.19
35.67
44.58
35.67
39.70
28.05
35.98
39.70
35.98
28.05
39.70
28.05
35.98
28.05
35.98
39.70
35.98
28.05
35.98
28.05
39.70
35.98
28.05
35.98
39.70
35.98
28.05
35.98
39.70
28.05
35.98
28.05
39.70
28.05
35.98
39.70
35.98
39.70
28.05
35.98
28.05
39.70
28.05
39.70
35.98
28.05
35.98
28.05
35.98
39.70
35.98
28.05
35.98
28.05
35.98
39.70
28.05
35.98
39.70
35.98
28.05
35.98
39.70
35.98
28.05
35.98
28.05
35.98
39.70
35.98
28.05
39.70
35.98
28.05
39.70
35.98
39.70
35.98
28.05
39.70
35.98
39.70
28.05
39.70
28.05
35.98
28.05
35.98
39.70
28.05
39.70
35.98
28.05
35.98
28.05
39.70
28.05
39.70
28.05
35.98
39.70
35.98
39.70
35.98
28.05
39.70
35.98
28.05
39.70
28.05
35.98
28.05
35.98
28.05
39.70
28.05
33.88
31.32
48.71
31.32
33.88
31.32
33.88
31.32
33.88
31.32
33.88
31.32
48.71
31.32
33.88
31.32
48.71
31.32
33.88
31.32
48.71
33.88
31.32
33.88
48.71
31.32
48.71
31.32
33.88
31.32
33.88
31.32
33.88
31.32
33.88
31.32
33.88
31.32
33.88
31.32
33.88
31.32
33.88
31.32
33.88
31.32
33.88
31.32
33.88
31.32
33.88
31.32
33.88
31.32
48.71
31.32
33.88
48.71
31.32
33.88
48.71
31.32
48.71
31.32
33.88
31.32
33.88
48.71
33.88
31.32
33.88
31.32
48.71
31.32
33.88
31.32
33.88
31.32
33.88
31.32
48.71
31.32
33.88
48.71
31.32
33.88
31.32
33.88
31.32
33.88
48.71
31.32
29.80
32.66
33.46
29.80
33.46
31.39
29.80
31.39
41.74
33.46
41.74
47.13
29.80
33.46
47.13
32.66
41.74
33.46
31.39
32.66
47.13
32.66
41.74
33.46
31.39
47.13
29.80
47.13
32.66
47.13
29.80
32.66
41.74
31.39
47.13
33.46
31.39
41.74
29.80
32.66
29.80
31.39
33.46
31.39
32.66
29.80
33.46
29.80
41.74
33.46
41.74
29.80
41.74
29.80
47.13
41.74
31.39
32.66
31.39
32.66
47.13
32.66
33.46
31.39
47.13
41.74
33.46
32.66
31.39
41.74
31.39
41.74
31.39
33.46
32.66
47.13
41.74
33.46
47.13
29.80
31.39
47.13
32.66
41.74
33.46
31.39
47.13
29.80
33.46
47.13
33.46
32.66
41.74
32.66
33.46
32.66
29.80
33.46
47.13
29.80
47.13
31.39
32.66
29.80
47.13
29.80
31.39
32.66
41.74
47.13
31.39
41.74
47.13
29.80
31.39
29.80
33.46
31.39
47.13
31.39
41.74
31.39
29.80
32.66
29.80
32.66
47.13
32.66
47.13
33.46
47.13
29.80
47.13
31.39
29.80
33.46
41.74
29.80
32.66
33.46
31.39
41.74
33.46
31.39
32.66
29.80
31.39
40.30
31.08
39.10
40.30
39.10
31.08
40.30
31.08
39.10
31.08
36.66
40.30
39.10
36.66
31.08
39.10
31.08
36.66
31.08
40.30
39.10
36.66
31.08
36.66
31.08
36.66
31.08
40.30
31.08
36.66
39.10
31.08
40.30
31.08
40.30
31.08
39.10
36.66
31.08
40.30
39.10
40.30
31.08
39.10
31.08
40.30
31.08
40.30
36.66
31.08
36.66
31.08
36.66
31.08
39.10
31.08
36.66
31.08
39.10
31.08
36.66
31.08
39.10
31.08
36.66
31.08
39.10
36.66
40.30
36.66
31.08
39.10
31.08
36.66
40.30
39.10
36.66
39.10
31.08
39.10
36.66
39.10
31.08
39.10
36.66
40.30
36.66
31.08
40.30
36.66
40.30
31.08
36.66
31.08
36.66
40.30
31.08
36.66
31.08
40.30
39.10
31.08
36.66
40.30
36.66
31.08
40.30
31.08
40.30
31.08
36.66
31.08
36.66
40.30
39.10
36.66
40.30
36.66
31.08
40.30
36.66
39.10
31.08
40.30
31.08
39.10
31.08
39.10
31.08
40.30
31.08
42.68
44.32
42.68
44.32
42.68
44.32
42.68
44.32
42.68
44.32
42.68
44.32
42.68
44.32
42.68
44.32
42.68
44.32
42.68
44.32
42.68
44.32
42.68
44.32
42.68
44.32
42.68
44.32
42.68
44.32
42.68
44.32
42.68
44.32
42.68
44.32
42.68
44.32
42.68
44.32
42.68
44.32
42.68
44.32
42.68
44.32
42.68
44.32
42.68
44.32
42.68
44.32
42.68
44.32
42.68
44.32
42.68
44.32
42.68
44.32
42.68
44.32
42.68
44.32
42.68
44.32
42.68
44.32
42.68
44.32
42.68
44.32
42.68
44.32
42.68
44.32
43.53
45.33
43.53
45.33
42.32
43.53
42.32
45.33
42.32
45.33
43.53
45.33
43.53
42.32
45.33
42.32
43.53
45.33
42.32
43.53
45.33
43.53
45.33
43.53
45.33
43.53
42.32
43.53
45.33
42.32
43.53
42.32
45.33
42.32
43.53
45.33
43.53
42.32
45.33
42.32
43.53
42.32
43.53
45.33
42.32
45.33
43.53
42.32
43.53
45.33
43.53
45.33
42.32
45.33
42.32
45.33
43.53
42.32
45.33
43.53
45.33
42.32
45.33
43.53
42.32
45.33
43.53
42.32
45.33
42.32
45.33
43.53
45.33
43.53
42.32
43.53
45.33
43.53
45.33
43.53
45.33
42.32
43.53
45.33
43.53
42.32
43.53
42.32
45.33
42.32
45.33
43.53
42.32
43.53
42.32
43.53
45.33
42.32
45.33
43.53
42.32
43.53
45.33
43.53
45.33
43.53
45.33
43.53
45.33
42.32
43.53
45.33
42.32
43.53
45.33
42.32
45.33
42.32
43.53
42.32
39.94
44.56
50.81
39.94
50.81
39.94
50.81
39.94
44.56
39.94
50.81
39.94
50.81
39.94
44.56
50.81
44.56
39.94
50.81
39.94
50.81
39.94
50.81
39.94
44.56
50.81
39.94
44.56
39.94
50.81
39.94
44.56
50.81
44.56
50.81
44.56
39.94
50.81
39.94
44.56
39.94
50.81
39.94
44.56
39.94
50.81
39.94
44.56
50.81
39.94
50.81
39.94
44.56
50.81
39.94
44.56
39.94
44.56
39.94
50.81
39.94
50.81
39.94
50.81
39.94
44.56
50.81
39.94
44.56
50.81
44.56
39.91
40.91
39.91
40.91
41.11
51.99
40.91
51.99
41.11
46.34
40.91
46.34
39.91
51.99
40.91
41.11
39.91
46.34
39.91
51.99
40.91
46.34
39.91
46.34
39.91
46.34
39.91
51.99
46.34
40.91
41.11
51.99
39.91
41.11
40.91
46.34
39.91
40.91
51.99
40.91
51.99
46.34
41.11
46.34
39.91
41.11
39.91
46.34
39.91
40.91
41.11
46.34
51.99
40.91
39.91
41.11
51.99
46.34
51.99
41.11
40.91
39.91
46.34
51.99
40.91
46.34
39.91
51.99
40.91
41.11
46.34
39.91
40.91
46.34
40.91
39.91
51.99
39.91
40.91
39.91
40.91
46.34
39.91
46.34
41.11
39.91
46.34
41.11
39.91
51.99
46.34
41.11
51.99
46.34
39.91
41.11
46.34
41.11
40.91
41.11
46.34
41.11
39.91
46.34
39.91
40.91
46.34
41.11
39.91
40.91
41.11
39.91
40.91
41.11
51.99
40.91
41.11
39.91
41.11
48.77
44.94
39.32
48.77
39.32
44.94
48.77
39.32
48.77
44.94
48.77
39.32
48.77
44.94
48.77
39.32
48.77
39.32
44.94
48.77
44.94
39.32
44.94
48.77
44.94
48.77
39.32
48.77
39.32
44.94
39.32
44.94
48.77
44.94
48.77
39.32
48.77
44.94
39.32
44.94
39.32
44.94
48.77
39.32
48.77
44.94
48.77
39.32
48.77
44.94
48.77
39.32
44.94
48.77
44.94
39.32
48.77
44.94
39.32
48.77
44.94
39.32
48.77
44.94
48.77
44.94
48.77
44.94
39.32
48.77
44.94
48.77
44.94
48.77
44.94
39.32
48.77
44.94
39.32
44.94
32.21
28.54
28.59
32.21
28.59
28.54
28.59
28.54
28.59
32.21
28.59
32.21
28.59
28.54
28.59
32.21
28.59
32.21
28.59
32.21
28.59
28.54
28.59
32.21
28.59
28.54
28.59
32.21
28.54
32.21
28.59
32.21
28.59
28.54
28.59
32.21
28.59
32.21
28.54
28.59
32.21
28.59
32.21
28.59
32.21
28.59
32.21
28.54
28.59
32.21
28.59
28.54
28.59
28.54
28.59
32.21
28.54
28.59
32.21
28.59
28.54
32.21
28.59
28.54
28.59
32.21
28.59
32.21
28.59
32.21
28.59
28.54
28.59
32.21
28.59
28.54
28.59
32.21
28.59
32.21
28.59
32.21
28.59
28.54
28.59
32.21
28.59
32.21
28.59
32.21
28.59
28.54
28.59
32.21
28.54
28.59
43.01
33.58
43.01
33.58
47.54
44.49
33.58
44.49
47.54
33.58
43.01
33.58
44.49
33.58
47.54
43.01
33.58
44.49
33.58
43.01
33.58
43.01
33.58
43.01
44.49
33.58
44.49
43.01
33.58
43.01
33.58
43.01
44.49
33.58
44.49
43.01
33.58
47.54
33.58
43.01
33.58
47.54
43.01
33.58
43.01
33.58
44.49
33.58
43.01
47.54
44.49
33.58
44.49
33.58
43.01
33.58
44.49
33.58
43.01
33.58
43.01
44.49
33.58
43.01
33.58
44.49
43.01
47.54
43.01
33.58
43.01
33.58
43.01
33.58
43.01
44.49
33.58
43.01
47.54
43.01
44.49
33.58
47.54
44.49
33.58
43.01
47.54
33.58
47.54
43.01
33.58
47.54
43.01
44.49
33.58
43.01
33.58
43.01
33.58
47.54
43.01
33.58
47.54
43.01
33.58
44.49
33.58
43.01
33.58
44.17
37.68
44.07
37.68
44.07
44.17
44.07
40.49
44.07
40.49
44.07
44.17
44.07
40.49
44.07
37.68
44.07
40.49
44.07
37.68
44.07
37.68
44.07
37.68
40.49
44.07
40.49
44.17
37.68
44.17
44.07
37.68
44.17
44.07
44.17
40.49
44.07
40.49
44.17
44.07
40.49
44.07
37.68
44.07
37.68
44.07
40.49
44.07
37.68
44.07
40.49
44.07
40.49
44.07
37.68
44.07
40.49
44.07
44.17
44.07
40.49
44.07
37.68
44.07
40.49
37.68
44.07
37.68
44.07
44.17
37.68
44.07
40.49
44.17
44.07
44.17
44.07
37.68
40.49
44.07
40.49
44.07
37.68
44.07
44.17
44.07
44.17
37.68
44.17
40.49
44.07
37.68
44.07
44.17
44.07
44.17
44.07
44.17
37.68
44.07
40.49
44.07
40.49
37.68
44.07
28.77
34.53
28.77
34.53
40.46
34.53
40.46
39.77
34.53
39.77
28.77
40.46
34.53
40.46
28.77
39.77
28.77
40.46
34.53
39.77
34.53
28.77
39.77
28.77
39.77
28.77
40.46
39.77
34.53
39.77
28.77
39.77
34.53
39.77
28.77
34.53
40.46
34.53
40.46
39.77
40.46
39.77
28.77
39.77
40.46
28.77
34.53
28.77
34.53
39.77
40.46
34.53
28.77
40.46
39.77
40.46
34.53
28.77
34.53
40.46
34.53
39.77
28.77
40.46
34.53
39.77
34.53
28.77
34.53
28.77
40.46
28.77
34.53
28.77
34.53
28.77
39.77
28.77
39.77
40.46
28.77
40.46
39.77
40.46
39.77
28.77
40.46
39.77
40.46
34.53
39.77
40.46
28.77
39.77
28.77
34.53
28.77
34.53
40.46
28.77
34.53
40.46
28.77
34.53
39.77
28.77
34.53
39.77
28.77
39.77
45.19
37.86
42.42
45.19
37.86
45.19
38.95
37.86
38.95
45.19
37.86
42.42
34.15
38.95
45.19
38.95
45.19
38.95
45.19
38.95
37.86
42.42
45.19
34.15
42.42
37.86
38.95
34.15
38.95
45.19
38.95
37.86
45.19
38.95
45.19
42.42
38.95
45.19
42.42
45.19
38.95
34.15
37.86
42.42
38.95
45.19
37.86
45.19
42.42
45.19
38.95
42.42
45.19
42.42
37.86
38.95
45.19
38.95
45.19
38.95
45.19
37.86
42.42
38.95
37.86
38.95
37.86
45.19
34.15
38.95
45.19
34.15
37.86
38.95
42.42
45.19
38.95
42.42
34.15
45.19
38.95
42.42
45.19
38.95
42.42
38.95
42.42
37.86
38.95
42.42
38.95
45.19
42.42
45.19
38.95
34.15
38.95
37.86
38.95
42.42
38.95
42.42
45.19
37.86
42.42
45.19
37.86
42.42
45.19
42.42
26.54
35.83
27.97
35.83
24.54
35.83
24.54
27.97
35.83
27.97
24.54
27.97
35.83
27.97
26.54
24.54
26.54
35.83
24.54
27.97
24.54
27.97
26.54
24.54
27.97
35.83
24.54
26.54
24.54
26.54
24.54
27.97
24.54
27.97
24.54
27.97
26.54
27.97
26.54
35.83
24.54
27.97
35.83
27.97
35.83
24.54
35.83
24.54
27.97
35.83
26.54
35.83
24.54
35.83
26.54
27.97
24.54
26.54
24.54
27.97
35.83
26.54
27.97
26.54
35.83
24.54
26.54
27.97
24.54
27.97
24.54
27.97
26.54
27.97
26.54
35.83
24.54
27.97
26.54
24.54
27.97
24.54
27.97
24.54
27.97
26.54
24.54
27.97
26.54
24.54
26.54
27.97
24.54
35.83
24.54
27.97
26.54
24.54
27.97
24.54
35.83
24.54
35.83
24.54
27.97
26.54
24.54
26.54
27.97
24.54
26.54
24.54
35.83
27.97
24.54
26.54
27.97
35.83
24.54
26.54
35.83
27.97
24.54
26.54
27.97
24.54
27.97
26.54
24.54
35.83
27.97
35.83
24.54
35.83
26.54
24.54
27.97
35.83
27.97
35.83
27.97
24.54
26.54
27.97
24.54
35.83
24.54
35.83
24.54
27.97
35.83
24.54
27.97
35.83
27.97
24.54
27.97
24.54
35.83
24.54
27.97
35.83
24.54
37.38
34.01
34.52
31.51
34.01
31.51
41.11
34.01
41.11
31.51
34.52
41.11
31.51
34.01
31.51
34.52
41.11
31.51
41.11
34.52
31.51
34.52
41.11
31.51
34.01
31.51
34.52
31.51
34.52
34.01
34.52
41.11
31.51
41.11
34.52
34.01
34.52
34.01
41.11
31.51
41.11
34.52
34.01
31.51
34.01
34.52
31.51
41.11
34.01
41.11
34.01
31.51
41.11
34.52
41.11
34.52
31.51
34.52
31.51
41.11
31.51
41.11
31.51
34.52
41.11
34.52
41.11
31.51
34.52
31.51
41.11
31.51
34.01
41.11
31.51
34.52
31.51
41.11
31.51
34.01
31.51
34.52
41.11
34.52
31.51
34.52
31.51
34.01
31.51
41.11
34.52
34.01
31.51
34.01
41.11
34.52
31.51
41.11
34.52
31.51
34.01
41.11
34.01
31.51
41.11
31.51
34.01
41.11
34.01
34.52
34.01
34.52
31.51
34.52
31.51
34.01
31.51
41.11
34.01
31.51
41.11
34.01
34.52
31.51
41.11
34.52
31.51
41.11
34.52
34.01
41.11
39.06
30.32
39.06
30.32
43.47
42.24
34.79
30.32
42.13
42.24
30.32
40.10
34.79
30.32
43.47
39.06
30.32
42.13
34.79
30.32
43.47
30.32
39.06
30.32
40.10
39.06
30.32
39.06
40.10
42.13
43.47
30.32
43.47
42.13
39.06
43.47
30.32
43.47
39.06
30.32
42.13
30.32
34.79
43.47
34.79
42.24
43.47
40.10
43.47
42.24
39.06
30.32
39.06
30.32
43.47
30.32
34.79
30.32
39.06
43.47
42.13
43.47
34.79
43.47
30.32
39.06
30.32
34.79
30.32
43.47
30.32
40.10
42.13
34.79
30.32
43.47
30.32
39.06
30.32
42.13
40.10
34.79
39.06
30.32
39.06
30.32
39.06
30.32
43.47
40.10
30.32
42.24
39.06
40.10
34.79
30.32
43.47
42.13
30.32
39.06
42.24
43.47
30.32
43.47
30.32
43.47
42.24
40.10
39.06
42.13
30.32
39.06
30.32
39.06
30.32
42.24
39.06
30.32
42.24
39.06
30.32
43.47
42.13
30.32
43.47
40.10
39.06
43.47
35.38
31.30
35.38
36.92
31.30
36.92
43.98
35.38
43.98
36.92
31.30
35.38
43.98
36.92
35.38
36.92
31.30
43.98
36.92
43.98
31.30
36.92
31.30
43.98
35.38
36.92
31.30
36.92
31.30
36.92
31.30
35.38
36.92
43.98
31.30
35.38
31.30
35.38
43.98
36.92
43.98
31.30
35.38
36.92
35.38
31.30
36.92
43.98
35.38
43.98
35.38
36.92
43.98
36.92
31.30
43.98
31.30
36.92
31.30
36.92
43.98
36.92
43.98
36.92
31.30
43.98
31.30
43.98
36.92
31.30
36.92
43.98
36.92
35.38
43.98
36.92
31.30
43.98
36.92
43.98
36.92
31.30
36.92
35.38
36.92
35.38
36.92
31.30
43.98
31.30
36.92
31.30
36.92
35.38
31.30
36.92
43.98
31.30
35.38
36.92
35.38
43.98
31.30
43.98
36.92
43.98
36.92
31.30
43.98
35.38
43.98
35.38
36.92
43.98
36.92
35.38
43.98
35.38
31.30
35.38
31.30
36.92
31.30
36.92
35.38
36.92
35.38
36.92
43.98
35.38
36.92
43.98
35.38
31.30
36.92
43.98
31.30
36.92
43.98
31.30
35.38
43.98
42.43
47.43
49.78
38.30
39.79
52.59
54.55
55.98
49.78
41.70
54.55
48.36
42.43
49.78
41.27
43.33
39.24
49.78
41.99
38.06
41.27
41.70
39.24
38.92
44.17
42.40
38.06
41.27
47.43
48.36
38.06
47.43
41.70
44.17
49.42
49.78
52.59
41.70
42.43
38.06
38.30
38.06
38.30
55.95
39.79
44.17
38.06
42.43
38.92
42.43
41.70
38.92
39.79
39.24
42.43
41.27
55.98
54.55
44.17
47.43
43.92
41.99
47.43
42.40
38.06
39.79
52.59
43.92
41.27
39.24
49.78
47.43
41.99
41.70
55.95
55.98
52.59
49.78
38.92
38.06
42.40
39.24
38.92
49.42
42.43
44.17
41.27
43.33
39.24
49.78
43.92
42.40
38.06
49.78
42.40
38.92
39.79
43.33
55.98
38.06
38.92
49.42
38.92
47.43
38.06
49.78
38.92
42.40
42.43
38.30
48.36
44.17
55.95
47.43
43.33
48.36
42.43
54.55
38.06
43.33
39.24
48.36
41.99
41.70
48.36
38.06
41.99
44.17
41.99
42.43
49.78
39.79
43.92
55.95
41.27
44.17
55.98
41.99
42.43
47.43
38.30
43.33
41.27
38.06
49.42
49.78
48.36
38.30
48.36
54.55
38.30
49.42
38.92
54.55
42.43
47.43
49.78
43.92
41.70
49.78
43.92
43.33
38.30
43.92
48.38
43.25
40.06
43.25
39.20
52.74
43.25
38.48
39.20
43.25
38.48
52.74
43.25
39.20
51.41
43.25
38.48
52.74
43.25
39.20
43.25
51.41
39.20
48.38
43.25
51.41
38.48
52.74
39.20
43.25
39.20
38.48
51.41
40.06
51.41
49.83
39.20
43.25
39.20
51.41
43.25
49.83
38.48
43.25
52.74
33.24
39.20
52.74
39.20
38.48
39.20
48.38
43.25
48.38
43.25
39.20
52.74
43.25
48.38
39.20
38.48
39.20
52.74
39.20
43.25
48.38
43.25
52.74
43.25
39.20
43.25
38.48
52.74
43.25
39.20
43.25
51.41
43.25
38.48
52.74
51.41
43.25
48.38
51.41
43.25
40.06
43.25
39.20
38.48
43.25
33.24
39.20
51.41
38.48
52.74
43.25
39.20
52.74
43.25
40.06
39.20
33.24
43.25
39.20
43.25
39.20
52.74
39.20
49.83
48.38
49.83
38.48
39.20
51.41
43.25
49.83
43.25
39.20
40.06
43.25
39.20
33.24
48.38
43.25
39.20
38.48
43.25
39.20
38.48
40.06
39.20
46.29
49.71
51.26
50.77
37.15
42.83
35.98
41.00
42.28
35.98
52.70
44.82
49.71
52.70
42.28
35.98
36.08
37.15
49.23
52.70
42.28
35.98
50.77
52.26
43.78
49.23
52.26
44.77
46.29
43.90
49.23
44.77
42.12
52.26
43.78
41.00
37.15
42.28
44.82
49.23
51.26
49.23
51.26
37.15
36.08
52.26
49.23
44.82
43.78
44.82
42.28
43.78
36.08
50.77
42.12
35.98
44.82
52.26
35.98
42.83
52.26
44.77
37.15
42.83
46.29
43.90
49.23
50.77
37.15
52.26
35.98
41.00
46.29
37.15
42.12
37.15
35.98
37.15
41.00
43.78
46.29
43.90
42.12
43.78
44.82
52.26
52.70
44.77
42.28
42.12
36.08
37.15
43.90
49.23
49.71
43.90
50.77
42.28
44.77
35.98
49.23
50.77
43.78
46.29
49.23
36.08
43.78
51.26
43.90
52.26
37.15
44.77
52.70
44.82
42.83
49.23
42.28
42.12
52.70
42.83
42.12
52.70
51.26
42.83
37.15
42.83
44.82
36.08
50.77
37.15
52.70
52.26
35.98
42.83
44.82
44.77
51.26
42.28
52.26
49.23
43.78
49.71
43.90
51.26
43.90
42.83
51.26
43.78
35.98
44.82
46.29
49.71
37.15
42.28
41.00
37.15
44.77
51.26
37.15
43.71
39.83
38.57
41.84
37.22
41.84
40.61
49.81
43.71
47.76
39.77
41.84
32.11
38.57
49.81
31.87
43.71
41.84
31.87
52.25
39.77
41.84
40.61
39.83
31.87
32.11
39.77
33.37
46.18
31.87
46.18
27.71
31.87
33.03
39.83
31.87
27.71
33.03
32.11
33.37
31.87
46.18
41.84
40.61
32.11
35.14
37.22
27.71
35.14
43.22
41.84
43.22
27.71
35.14
46.18
35.14
32.11
46.18
41.84
39.77
33.37
39.77
35.14
31.87
49.81
31.87
33.03
43.22
47.76
39.83
31.87
39.83
41.84
40.61
31.87
39.77
41.84
39.83
47.76
32.11
43.22
39.77
40.61
41.84
46.18
39.83
31.87
39.77
46.18
43.71
43.22
31.87
33.03
52.25
39.77
41.84
40.61
31.87
37.22
41.84
38.57
31.87
46.18
41.84
32.11
52.25
49.81
27.71
46.18
39.83
27.71
41.84
46.18
31.87
43.71
37.22
31.87
43.22
33.03
52.25
43.71
31.87
35.14
49.81
27.71
52.25
39.77
31.87
47.76
32.11
31.87
37.22
47.76
43.22
33.37
47.76
35.14
41.84
43.22
31.87
33.37
43.22
49.81
47.76
35.14
33.03
35.14
52.25
31.87
39.83
46.18
33.37
38.57
41.84
31.87
37.22
31.87
49.81
37.22
46.18
49.81
35.14
33.03
41.84
40.61
32.11
41.84
40.61
33.03
37.22
38.57
43.22
43.69
40.17
41.96
33.75
40.05
43.00
39.15
50.45
43.69
50.45
41.76
33.75
36.82
41.76
49.03
43.69
33.75
49.03
41.05
41.76
33.75
50.45
52.14
49.03
45.46
41.76
41.96
43.00
39.08
36.79
45.76
39.08
40.17
52.14
49.03
45.76
25.44
41.05
36.82
41.96
39.08
36.79
33.75
39.15
45.46
43.69
25.44
45.76
40.05
36.84
33.75
39.08
45.76
47.17
43.00
40.05
45.46
36.79
33.75
43.00
36.82
43.69
36.82
47.17
39.08
41.76
39.08
40.17
36.84
50.45
40.17
49.03
52.14
33.75
39.15
39.08
41.76
33.75
52.14
50.45
36.82
36.84
41.76
39.15
33.75
36.79
52.14
36.79
36.82
43.00
36.79
43.69
39.08
49.03
41.05
45.46
36.82
33.75
39.15
36.79
25.44
33.75
36.79
43.00
45.46
41.05
41.76
45.76
43.00
36.79
40.17
45.76
33.75
43.00
36.79
43.69
25.44
49.03
39.08
36.84
41.05
43.69
49.03
47.17
50.45
45.76
41.05
36.82
49.03
50.45
36.82
49.03
25.44
50.45
39.08
41.96
50.45
47.17
33.75
43.00
36.84
39.08
41.96
39.08
41.76
50.45
40.05
40.17
40.05
45.46
39.08
52.14
36.79
41.96
33.75
49.03
40.05
49.03
50.45
40.05
36.79
41.76
47.17
40.17
33.75
36.84
45.46
33.75
36.84
41.05
25.44
41.96
36.84
41.22
56.73
41.22
45.20
37.80
44.86
40.75
44.86
34.22
41.22
56.73
34.22
47.36
44.86
56.73
37.80
41.22
34.22
47.36
44.86
45.20
36.67
32.45
41.22
34.22
41.22
46.25
41.22
44.86
36.67
45.09
40.75
37.80
47.36
41.22
41.08
45.20
53.36
41.22
45.09
41.22
44.86
45.09
45.20
44.86
41.22
36.67
44.86
36.67
41.22
45.82
44.86
41.22
32.45
41.22
45.20
37.80
45.82
36.67
44.86
40.75
41.22
37.80
44.86
53.36
41.08
44.86
37.80
40.75
45.09
41.22
32.45
44.86
45.20
45.09
53.36
34.22
41.22
47.36
44.86
56.73
45.82
32.45
41.22
40.75
32.45
45.20
47.36
41.22
44.86
41.22
45.20
45.09
41.22
56.73
45.20
32.45
41.22
46.25
36.67
41.08
41.22
34.22
41.22
44.86
41.22
47.36
44.86
34.22
44.86
34.22
41.22
44.86
53.36
44.86
41.22
45.20
45.82
53.36
34.22
36.67
44.86
41.22
47.36
36.67
41.22
32.45
56.73
46.25
41.22
46.25
44.86
41.22
45.09
44.86
41.22
56.73
45.82
47.36
40.75
45.82
41.22
41.08
44.26
40.63
34.93
31.71
38.60
53.52
46.72
48.60
40.36
38.99
51.76
40.63
51.76
49.78
46.72
40.63
38.60
52.08
51.76
38.27
46.72
48.76
51.97
48.76
39.19
51.97
49.78
44.26
51.76
39.19
49.78
40.36
51.97
48.76
48.60
41.70
38.27
43.34
34.93
39.19
36.05
31.71
36.05
52.08
48.76
38.27
48.76
31.71
40.36
46.72
51.97
38.99
51.97
49.78
41.70
38.60
44.26
51.76
52.08
31.71
41.70
51.97
46.72
48.60
44.26
38.60
40.36
36.05
46.72
38.60
48.60
48.76
52.08
48.76
40.36
48.76
36.05
51.76
49.78
40.36
31.71
41.70
48.76
43.34
40.63
51.76
31.71
38.27
49.78
38.99
52.08
48.76
44.26
39.19
40.63
48.76
43.34
51.76
36.05
49.78
51.76
38.99
52.08
49.78
40.36
51.76
38.60
40.36
51.76
43.34
38.60
36.05
38.60
31.71
41.70
36.05
51.97
36.05
38.99
38.60
44.26
49.78
51.97
52.08
48.76
40.63
51.76
53.52
34.93
48.76
38.99
44.26
40.63
41.70
38.27
40.63
41.70
49.78
43.34
36.05
48.18
41.85
47.49
36.15
48.18
36.15
44.38
48.18
44.38
44.15
36.15
44.15
47.49
44.15
42.41
48.18
36.15
42.41
41.85
44.15
36.15
44.38
48.18
42.41
44.15
47.49
36.15
44.78
42.41
48.18
42.41
41.85
42.41
48.18
41.85
44.15
47.49
44.78
42.41
36.15
44.38
44.15
48.18
44.78
36.15
44.78
48.18
42.41
48.18
44.15
42.41
36.15
44.15
48.18
44.15
48.18
42.41
44.15
44.78
41.85
44.38
41.85
47.49
42.41
48.18
36.15
44.38
42.41
44.15
36.15
41.85
44.38
44.15
44.78
44.15
44.38
36.15
42.41
41.85
42.41
44.15
36.15
42.41
48.18
44.78
42.41
41.85
44.15
36.15
44.38
42.41
48.18
36.15
47.49
42.41
36.15
47.49
36.15
44.15
41.85
44.15
48.18
36.15
42.41
41.85
48.18
36.15
42.41
48.18
42.41
44.78
41.85
47.49
48.18
42.41
48.18
44.15
48.18
41.85
44.15
42.41
44.38
44.15
42.41
48.18
44.38
44.78
47.49
44.38
48.18
36.15
44.38
44.78
42.41
48.18
44.78
44.15
44.38
48.18
41.85
48.18
41.85
42.41
48.18
42.41
47.49
36.15
42.41
48.18
42.41
44.38
48.18
42.41
44.15
48.18
41.85
36.15
44.38
44.15
36.15
47.49
44.38
41.85
48.18
47.49
44.78
50.67
42.77
48.67
42.77
47.52
49.61
42.77
49.61
47.52
48.88
42.77
48.88
49.61
42.77
47.52
50.67
48.88
49.61
42.77
48.88
42.08
52.93
48.88
50.67
52.85
52.93
49.61
48.88
42.08
42.77
47.52
49.61
52.93
48.67
52.93
48.67
51.33
42.77
48.88
52.93
42.77
49.61
42.77
49.61
48.88
49.61
47.52
48.88
49.61
51.33
47.52
50.67
52.85
50.67
42.77
47.52
48.88
49.61
42.77
50.67
47.52
49.61
48.88
49.61
47.52
42.77
42.08
50.67
52.85
49.61
42.77
42.08
48.88
49.61
42.77
51.33
52.85
52.93
42.77
52.85
42.77
49.61
52.93
42.77
42.08
42.77
50.67
52.93
42.77
52.85
52.93
52.85
48.88
51.33
49.61
48.88
47.52
52.93
49.61
48.88
47.52
49.61
48.88
52.93
47.52
48.88
47.52
42.77
51.33
48.88
49.61
47.52
50.67
49.61
48.88
50.67
42.08
42.77
52.85
48.67
52.85
47.52
48.67
42.08
42.77
47.52
50.67
42.77
51.33
49.61
42.77
51.33
49.61
52.93
51.33
44.98
53.19
51.96
44.98
51.96
57.99
44.98
57.99
51.96
44.98
53.19
57.99
51.96
44.98
57.99
44.98
57.99
51.96
53.19
44.98
53.19
44.98
53.19
44.98
51.96
57.99
51.96
53.19
44.98
53.19
57.99
51.96
44.98
53.19
51.96
53.19
51.96
53.19
44.98
51.96
44.98
53.19
57.99
51.96
44.98
53.19
44.98
51.96
44.98
57.99
53.19
57.99
53.19
51.96
57.99
53.19
51.96
57.99
53.19
44.98
53.19
57.99
53.19
51.96
53.19
57.99
44.98
57.99
53.19
44.98
51.96
44.98
53.19
44.98
53.19
52.79
51.88
52.73
52.79
53.20
52.73
51.80
52.79
51.80
53.20
52.73
52.79
52.73
51.80
53.20
52.73
51.88
51.80
51.88
51.80
53.20
51.80
51.88
52.79
52.73
53.20
52.15
52.79
51.80
51.88
53.20
51.88
52.79
51.88
53.20
51.80
52.73
51.80
52.15
52.73
51.80
52.79
52.73
51.80
52.73
52.79
52.73
53.20
52.15
52.73
52.79
51.88
53.20
51.88
51.80
53.20
52.79
52.73
51.88
52.79
51.80
51.88
52.79
53.20
52.73
51.88
52.79
51.88
51.80
52.15
51.80
52.73
53.20
51.80
52.73
53.20
51.80
52.73
51.80
52.73
52.79
51.88
52.15
51.80
52.73
53.20
51.80
51.88
52.79
51.80
52.73
51.88
52.73
52.79
52.15
53.20
52.79
52.15
44.79
49.20
43.15
49.20
43.15
45.06
49.20
45.06
44.79
43.15
49.20
43.15
45.06
44.79
43.15
49.20
45.06
48.58
45.06
44.79
45.06
44.79
43.15
45.06
48.58
49.20
45.06
43.15
45.06
49.20
45.06
48.58
43.15
48.58
49.20
43.15
45.06
43.15
45.06
44.79
45.06
43.15
44.79
48.58
49.20
43.15
45.06
43.15
49.20
44.79
43.15
45.06
43.15
49.20
48.58
43.15
48.58
45.06
44.79
43.15
49.20
45.06
48.58
49.20
48.58
49.20
44.79
43.15
48.58
44.79
49.20
48.58
45.06
44.79
45.06
43.15
44.79
43.15
45.06
43.15
45.06
43.15
45.06
43.15
49.20
45.06
43.15
44.79
45.06
48.58
49.20
48.58
43.15
48.58
43.15
44.79
49.20
45.06
43.15
49.20
45.06
44.79
45.06
44.79
46.90
43.12
41.21
46.90
41.21
43.12
46.90
43.12
44.79
41.21
46.90
43.12
43.93
43.12
44.79
41.21
46.90
43.12
42.04
43.12
44.79
43.12
44.79
41.21
43.12
42.04
46.90
43.12
41.21
43.12
46.90
43.12
43.93
42.04
41.21
42.04
46.90
41.21
43.12
41.21
43.12
44.79
43.12
44.79
43.12
43.93
46.90
43.12
41.21
46.90
44.79
43.12
41.21
43.12
41.21
43.12
46.90
42.04
44.79
43.12
41.21
42.04
43.12
44.79
41.21
46.90
43.12
46.90
43.12
46.90
44.79
41.21
43.93
46.90
42.04
44.79
46.90
42.04
43.12
44.79
43.12
41.21
43.93
44.79
41.21
43.12
41.21
43.12
46.90
43.12
41.21
44.79
43.12
43.93
42.04
46.90
43.12
41.21
42.04
41.21
44.79
46.90
43.12
41.21
46.90
43.12
44.79
43.12
51.73
59.14
53.91
51.73
53.91
52.17
51.73
52.17
53.91
51.73
59.14
52.17
53.91
51.73
52.17
51.32
52.17
53.91
52.17
51.32
51.73
59.14
52.17
51.73
52.17
51.32
51.73
53.91
52.17
53.91
52.17
59.14
51.32
51.73
59.14
52.17
53.91
51.73
59.14
53.91
52.17
53.91
59.14
51.73
51.32
53.91
51.32
52.17
53.91
51.73
59.14
51.32
51.73
51.32
51.73
53.91
51.32
51.73
51.32
52.17
53.91
52.17
59.14
53.91
52.17
59.14
52.17
59.14
51.73
59.14
52.17
53.91
59.14
52.17
51.32
51.73
51.32
53.91
51.32
53.91
51.73
59.14
51.73
59.14
52.17
53.57
49.59
42.06
45.05
49.59
45.05
44.29
49.59
44.29
40.63
45.05
49.59
42.06
44.29
40.63
45.05
49.59
44.29
51.94
44.29
53.57
44.29
53.57
45.05
44.29
51.94
49.59
42.06
40.63
42.06
49.59
44.29
49.59
45.05
51.94
49.59
45.05
44.29
45.05
44.29
53.57
42.06
53.57
44.29
49.59
42.06
44.29
45.05
49.59
53.57
42.06
45.05
42.06
45.05
42.06
49.59
51.94
53.57
51.94
45.05
49.59
51.94
44.29
53.57
40.63
45.05
49.59
42.06
51.94
49.59
44.29
49.59
40.63
45.05
49.59
51.94
53.57
49.59
51.94
44.29
42.06
53.57
40.63
44.29
45.05
40.63
45.05
44.29
42.06
45.05
44.29
42.06
49.59
42.06
44.29
45.05
53.57
40.63
44.29
51.94
49.59
44.29
45.05
51.94
49.59
45.05
53.57
49.59
42.06
40.63
49.59
42.06
53.57
42.06
47.64
44.19
45.21
47.64
44.19
47.64
45.74
44.19
45.21
47.64
44.19
45.21
47.64
44.19
45.21
45.74
45.21
47.64
45.74
47.64
45.21
45.74
44.19
45.21
47.64
45.21
44.19
45.21
44.19
47.64
44.19
47.64
45.21
47.64
45.21
47.64
45.21
47.64
45.74
44.19
45.21
47.64
44.19
45.21
47.64
45.21
47.64
45.21
44.19
45.74
47.64
44.19
45.74
45.21
47.64
44.19
45.21
45.74
44.19
45.74
44.19
47.64
44.19
45.74
45.21
47.64
45.74
45.21
47.64
45.74
45.21
47.64
45.21
44.19
45.21
47.64
45.21
47.64
45.21
45.74
44.19
45.74
45.21
44.19
47.64
44.19
45.21
47.64
44.19
45.21
47.64
45.21
44.43
45.89
44.43
45.89
44.43
45.89
44.43
45.89
44.43
45.89
44.43
45.89
44.43
45.89
44.43
45.89
44.43
45.89
44.43
45.89
44.43
45.89
44.43
45.89
44.43
45.89
44.43
45.89
44.43
45.89
44.43
45.89
44.43
45.89
44.43
45.89
44.43
45.89
44.43
45.89
44.43
45.89
44.43
45.89
44.43
45.89
44.43
45.89
44.43
45.89
44.43
45.89
44.43
45.89
44.43
45.95
46.49
44.55
45.95
46.49
45.95
46.49
45.95
46.49
44.55
45.95
46.49
45.95
46.49
45.95
46.49
45.95
46.49
44.55
45.95
44.55
46.49
44.55
45.95
46.49
45.95
46.49
45.95
46.49
45.95
46.49
45.95
44.55
45.95
46.49
45.95
46.49
44.55
46.49
45.95
46.49
45.95
44.55
45.95
44.55
45.95
44.55
46.49
45.95
46.49
45.95
46.49
44.55
46.49
45.95
46.49
44.55
46.49
45.95
46.49
45.95
46.49
44.55
45.95
46.49
44.55
45.95
46.49
44.55
45.95
46.49
44.55
46.49
44.55
46.49
44.55
45.95
44.55
45.95
46.49
45.95
46.49
44.55
46.49
45.95
46.49
44.55
45.95
46.49
44.55
45.95
44.55
48.83
42.75
51.21
48.83
51.21
42.75
48.83
42.75
51.21
48.83
42.75
51.21
42.75
51.21
42.75
48.83
42.75
51.21
42.75
48.83
42.75
51.21
42.75
48.83
51.21
42.75
51.21
42.75
51.21
42.75
48.83
42.75
51.21
48.83
51.21
42.75
51.21
42.75
48.83
42.75
51.21
42.75
51.21
48.83
42.75
48.83
42.75
48.83
51.21
42.75
48.83
42.75
51.21
42.75
51.21
42.75
51.21
42.75
51.21
42.75
51.21
48.83
42.75
51.21
42.75
48.83
42.75
51.21
42.75
51.21
48.83
42.75
51.21
48.83
42.75
38.14
33.65
47.68
33.65
38.14
33.65
38.14
33.65
47.68
33.65
38.14
33.65
47.68
33.65
38.14
47.68
33.65
47.68
38.14
33.65
38.14
47.68
33.65
47.68
33.65
38.14
33.65
38.14
33.65
38.14
33.65
47.68
33.65
47.68
33.65
38.14
33.65
47.68
33.65
38.14
33.65
47.68
33.65
38.14
33.65
47.68
33.65
47.68
33.65
47.68
33.65
38.14
33.65
47.68
38.14
33.65
47.68
33.65
38.14
47.68
38.14
33.65
47.68
33.65
47.68
33.65
47.68
33.65
38.14
33.65
38.14
33.65
38.14
47.68
33.65
45.36
45.03
45.36
46.34
45.03
45.36
45.03
46.34
45.03
45.36
45.03
46.34
45.03
45.36
45.03
45.36
45.03
46.34
45.36
46.34
45.03
45.36
45.03
46.34
45.03
45.36
45.03
45.36
46.34
45.36
45.03
46.34
45.03
45.36
45.03
45.36
45.03
46.34
45.03
45.36
45.03
45.36
45.03
46.34
45.03
45.36
45.03
45.36
46.34
45.03
45.36
45.03
46.34
45.36
45.03
46.34
45.03
45.36
45.03
45.36
45.03
45.36
45.03
46.34
45.03
45.36
45.03
45.36
45.03
46.34
45.36
45.03
46.34
45.36
45.03
46.34
45.03
51.35
47.52
51.35
47.52
41.25
51.35
41.25
47.52
51.35
47.52
41.25
47.52
51.35
41.25
47.52
41.25
51.35
41.25
47.52
41.25
51.35
41.25
47.52
41.25
51.35
47.52
41.25
47.52
41.25
47.52
41.25
51.35
47.52
41.25
47.52
51.35
47.52
41.25
47.52
51.35
41.25
47.52
41.25
47.52
51.35
41.25
51.35
41.25
51.35
47.52
41.25
51.35
41.25
47.52
41.25
47.52
41.25
47.52
41.25
47.52
41.25
47.52
51.35
41.25
47.52
41.25
51.35
41.25
47.52
41.25
47.52
51.35
41.25
47.52
51.35
41.25
47.52
41.25
40.48
54.03
40.48
54.03
49.55
54.03
40.48
49.55
54.03
40.48
49.55
54.03
49.55
40.48
54.03
40.48
49.55
54.03
49.55
54.03
40.48
49.55
40.48
54.03
40.48
49.55
54.03
49.55
40.48
49.55
54.03
49.55
40.48
54.03
40.48
54.03
49.55
40.48
49.55
40.48
54.03
40.48
54.03
49.55
54.03
40.48
49.55
40.48
49.55
54.03
40.48
54.03
49.55
54.03
49.55
54.03
40.48
49.55
54.03
49.55
54.03
40.48
54.03
40.48
49.55
40.48
54.03
40.48
54.03
40.48
54.03
49.55
40.48
54.03
49.55
40.48
49.55
54.03
49.55
54.03
40.48
49.55
40.48
54.03
49.55
54.03
49.55
40.48
49.55
40.48
54.03
40.48
54.03
49.55
40.48
54.03
49.55
40.48
54.03
49.55
40.48
54.03
49.55
40.48
49.55
44.06
41.41
44.06
41.41
41.65
44.80
41.41
44.80
41.65
41.41
41.65
44.80
41.41
41.65
44.06
41.65
44.80
41.41
41.65
41.41
44.06
41.65
44.80
44.06
41.65
44.06
44.80
41.65
41.41
41.65
44.80
44.06
41.65
41.41
41.65
44.06
41.41
44.80
41.41
44.80
41.65
44.80
41.65
44.80
41.65
44.06
41.41
44.06
41.41
41.65
44.80
41.41
44.06
41.65
44.80
41.65
44.80
41.65
41.41
44.06
41.41
44.80
41.41
41.65
44.80
41.41
41.65
41.41
44.06
41.41
44.80
44.06
41.41
44.06
41.41
44.06
41.65
44.80
41.65
44.06
44.80
41.65
44.80
41.65
44.06
41.65
41.41
41.65
44.80
41.65
44.80
41.65
44.06
41.41
44.06
41.41
41.65
44.06
41.41
44.80
41.41
41.65
44.80
41.41
41.65
44.80
44.06
41.65
49.35
41.23
28.93
41.23
49.35
28.93
42.81
41.23
42.81
49.35
28.93
41.23
28.93
49.35
42.81
49.35
28.93
41.23
42.81
49.35
42.81
49.35
28.93
42.81
41.23
28.93
49.35
28.93
41.23
28.93
49.35
41.23
49.35
41.23
28.93
42.81
28.93
42.81
49.35
28.93
49.35
42.81
49.35
41.23
28.93
42.81
28.93
41.23
49.35
28.93
41.23
49.35
42.81
28.93
41.23
42.81
28.93
42.81
49.35
28.93
41.23
28.93
42.81
41.23
42.81
41.23
49.35
28.93
49.35
41.23
42.81
41.23
49.35
41.23
42.81
28.93
49.35
42.81
28.93
49.35
28.93
42.81
28.93
42.81
28.93
41.23
28.93
42.81
28.93
49.35
42.81
49.35
42.81
41.23
42.81
28.93
42.81
41.23
28.93
49.35
41.23
28.93
49.35
41.23
28.93
49.35
28.93
36.96
46.62
43.68
36.96
43.68
35.64
36.96
35.64
47.16
43.68
47.16
35.64
43.68
36.96
43.68
35.64
46.62
47.16
43.68
35.64
46.62
43.68
46.62
47.16
36.96
43.68
35.64
43.68
46.62
35.64
46.62
43.68
46.62
47.16
36.96
35.64
43.68
35.64
47.16
36.96
46.62
36.96
46.62
36.96
35.64
43.68
35.64
46.62
36.96
43.68
36.96
47.16
43.68
47.16
36.96
47.16
36.96
35.64
47.16
35.64
46.62
35.64
46.62
43.68
46.62
43.68
35.64
47.16
43.68
46.62
35.64
47.16
35.64
47.16
35.64
43.68
46.62
43.68
47.16
43.68
36.96
35.64
46.62
47.16
43.68
35.64
43.68
46.62
43.68
46.62
47.16
46.62
43.68
46.62
43.68
36.96
43.68
35.64
46.62
36.96
43.68
36.96
35.64
46.62
47.16
43.68
35.64
47.16
43.68
46.62
35.64
36.96
35.64
36.96
43.68
35.64
36.96
35.64
36.96
46.62
36.96
46.62
35.64
46.62
43.68
36.96
43.68
36.96
43.68
35.64
36.96
43.68
35.64
36.96
46.62
43.68
35.64
46.62
43.68
35.64
46.62
36.96
35.64
39.17
41.17
39.17
41.17
39.17
41.17
39.17
41.17
39.17
41.17
39.17
41.17
39.17
41.17
39.17
41.17
39.17
41.17
39.17
41.17
39.17
41.17
39.17
41.17
39.17
41.17
39.17
41.17
39.17
41.17
39.17
41.17
39.17
41.17
39.17
41.17
39.17
41.17
39.17
41.17
39.17
41.17
39.17
41.17
39.17
41.17
39.17
41.17
39.17
41.17
46.72
43.96
46.72
43.96
46.72
43.96
46.72
43.96
46.72
43.96
46.72
43.96
46.72
43.96
46.72
43.96
46.72
43.96
46.72
43.96
46.72
43.96
46.72
43.96
46.72
43.96
46.72
43.96
46.72
43.96
46.72
43.96
46.72
43.96
46.72
43.96
46.72
43.96
46.72
43.96
46.72
43.96
46.72
43.96
46.72
43.72
46.02
43.72
47.52
46.02
38.17
43.72
38.17
47.52
43.72
46.02
38.17
47.52
43.72
38.17
43.72
38.17
47.52
38.17
43.72
38.17
47.52
38.17
43.72
38.17
43.72
47.52
43.72
47.52
38.17
46.02
38.17
46.02
38.17
43.72
46.02
38.17
47.52
43.72
46.02
47.52
38.17
46.02
43.72
47.52
43.72
38.17
47.52
43.72
38.17
43.72
38.17
43.72
47.52
46.02
43.72
38.17
46.02
47.52
38.17
46.02
47.52
38.17
46.02
38.17
46.02
43.72
38.17
46.02
47.52
38.17
43.72
38.17
46.02
43.72
46.02
43.72
38.17
47.52
43.72
38.17
48.85
41.50
42.41
41.50
42.41
41.50
48.85
42.41
41.50
48.85
41.50
48.85
42.41
41.50
48.85
41.50
48.85
42.41
41.50
42.41
48.85
41.50
48.85
41.50
42.41
41.50
42.41
41.50
42.41
41.50
48.85
41.50
42.41
48.85
41.50
48.85
41.50
42.41
41.50
48.85
41.50
42.41
41.50
42.41
41.50
48.85
41.50
42.41
41.50
48.85
42.41
41.50
48.85
42.41
48.85
41.50
48.85
41.50
48.85
41.50
42.41
48.85
42.41
41.50
42.41
41.50
42.41
48.85
41.50
48.85
41.50
42.41
41.50
42.41
48.85
41.50
48.85
41.50
48.85
41.50
49.35
42.24
49.35
42.24
49.35
42.24
49.35
42.24
49.35
42.24
49.35
42.24
49.35
42.24
49.35
42.24
49.35
42.24
49.35
42.24
49.35
42.24
49.35
42.24
49.35
42.24
49.35
42.24
49.35
42.24
49.35
42.24
49.35
42.24
49.35
42.24
49.35
30.25
43.19
39.59
30.25
39.59
42.85
39.59
43.19
42.85
39.59
30.25
39.59
43.19
39.59
42.85
43.19
39.59
43.19
39.59
30.25
39.59
43.19
39.59
30.25
43.19
39.59
42.85
43.19
30.25
42.85
39.59
30.25
39.59
30.25
43.19
39.59
43.19
30.25
39.59
42.85
39.59
43.19
42.85
43.19
39.59
43.19
39.59
42.85
39.59
43.19
39.59
43.19
42.85
43.19
39.59
42.85
39.59
43.19
39.59
43.19
39.59
30.25
39.59
43.19
39.59
42.85
39.59
30.25
39.59
43.19
42.85
30.25
39.59
43.19
30.25
39.59
30.25
39.59
42.85
43.19
39.59
30.25
42.85
43.19
39.59
42.85
43.19
39.59
30.25
42.85
39.59
42.85
30.25
39.59
42.85
39.59
42.85
30.25
43.19
30.25
43.19
39.59
43.19
39.59
30.25
39.59
42.85
30.25
39.59
42.85
30.25
43.19
39.59
42.85
43.19
39.59
42.85
43.19
30.25
42.85
30.93
35.31
30.93
35.31
30.93
35.31
30.93
35.31
30.93
35.31
30.93
35.31
30.93
35.31
30.93
35.31
30.93
35.31
30.93
35.31
30.93
35.31
30.93
35.31
30.93
35.31
30.93
35.31
30.93
35.31
30.93
35.31
30.93
35.31
30.93
35.31
30.93
35.31
30.93
35.31
30.93
35.31
30.93
35.31
30.93
35.31
30.93
35.31
30.93
35.31
30.93
35.31
30.93
35.31
30.93
35.31
30.93
35.31
30.93
35.31
30.93
35.31
30.93
35.31
30.93
35.31
30.93
35.31
30.93
35.31
30.93
35.31
30.93
35.31
30.93
35.31
30.93
35.31
30.93
35.31
30.93
35.31
30.93
35.31
30.93
35.31
30.93
35.31
30.93
35.31
43.95
41.05
44.41
43.95
44.41
41.05
45.44
43.95
45.44
44.41
43.95
41.05
45.44
44.41
43.95
45.44
44.41
45.44
43.95
41.05
44.41
41.05
43.95
45.44
43.95
44.41
43.95
44.41
45.44
41.05
45.44
41.05
45.44
43.95
41.05
45.44
44.41
43.95
41.05
44.41
41.05
44.41
41.05
43.95
45.44
44.41
43.95
45.44
44.41
43.95
41.05
45.44
43.95
45.44
43.95
44.41
43.95
45.44
43.95
45.44
41.05
44.41
45.44
41.05
44.41
45.44
41.05
44.41
45.44
41.05
45.44
41.05
43.95
41.05
45.44
41.05
44.41
45.44
43.95
45.44
41.05
43.95
41.05
43.95
41.05
44.41
43.95
41.05
43.05
40.02
38.01
40.02
39.90
42.86
40.02
37.32
42.86
40.02
40.02
40.02
37.32
42.86
40.02
39.90
43.05
40.02
37.32
42.86
40.02
40.02
38.01
40.02
43.05
40.02
38.01
37.32
40.02
40.02
39.90
37.32
38.01
43.05
38.01
39.90
40.02
39.90
43.05
40.02
37.32
40.02
42.86
40.02
42.86
40.02
43.05
39.90
42.86
43.05
40.02
43.05
40.02
39.90
40.02
42.86
40.02
43.05
39.90
37.32
39.90
42.86
39.90
40.02
43.05
40.02
42.86
40.02
40.02
39.90
40.02
37.32
42.86
40.02
39.90
40.02
38.01
40.02
40.02
40.02
37.32
42.86
43.05
40.02
43.05
40.02
40.02
38.01
40.02
39.90
43.05
37.32
40.02
42.86
43.05
37.32
42.86
40.02
42.86
37.32
40.02
38.01
42.86
39.90
42.86
40.02
39.90
40.02
42.86
43.05
37.32
40.02
43.05
40.02
40.02
40.02
38.01
40.02
42.86
38.01
40.02
42.86
43.05
40.02
39.90
37.32
40.02
39.90
37.32
38.01
39.90
42.40
37.32
40.97
42.97
40.97
38.11
40.23
40.97
38.81
40.23
40.20
42.40
40.97
40.41
38.81
40.23
40.97
38.11
37.32
40.41
38.81
40.23
40.97
40.41
40.20
42.97
40.41
37.32
40.20
42.97
37.32
38.81
40.41
40.20
40.97
38.11
38.81
42.40
42.97
38.11
40.97
38.11
42.97
42.40
40.20
42.40
38.81
40.20
40.97
38.81
40.23
42.40
40.41
40.23
40.41
37.32
38.11
40.23
37.32
40.20
37.32
40.97
38.11
40.41
40.23
40.97
37.32
38.11
38.81
38.11
40.23
38.11
40.97
40.20
37.32
40.20
38.81
40.97
40.20
42.40
38.11
40.41
37.32
38.81
40.97
38.11
40.20
42.97
40.97
40.20
40.97
38.81
37.32
40.23
42.97
40.97
40.20
37.32
42.97
40.97
40.20
42.40
42.97
40.20
40.41
38.11
37.32
38.81
40.20
42.40
40.23
42.97
38.81
40.20
38.11
38.81
40.41
42.97
38.11
42.40
40.97
38.11
40.41
40.23
42.97
37.32
42.97
38.81
40.41
37.32
40.20
40.97
40.20
42.97
40.20
40.23
42.97
40.20
40.23
42.40
37.32
40.97
38.11
38.81
40.97
38.11
37.32
42.97
38.11
29.66
42.05
45.02
42.05
50.60
45.02
36.64
42.05
36.64
50.60
42.05
45.02
29.66
36.64
50.60
42.05
35.46
36.64
29.66
36.64
29.66
36.64
29.66
50.60
35.46
36.64
42.05
45.02
50.60
29.66
35.46
42.05
35.46
29.66
42.05
50.60
42.05
50.60
35.46
45.02
35.46
29.66
35.46
45.02
29.66
36.64
29.66
42.05
45.02
36.64
45.02
42.05
29.66
45.02
50.60
35.46
45.02
42.05
29.66
36.64
50.60
42.05
36.64
35.46
36.64
50.60
42.05
45.02
36.64
42.05
36.64
42.05
50.60
45.02
29.66
42.05
29.66
42.05
36.64
35.46
50.60
36.64
45.02
29.66
50.60
36.64
45.02
50.60
36.64
45.02
35.46
45.02
42.05
35.46
36.64
35.46
45.02
29.66
50.60
35.46
29.66
36.64
42.05
36.64
45.02
42.05
45.02
29.66
42.05
45.02
50.60
42.05
35.46
50.60
35.46
39.05
32.02
26.21
39.05
38.20
44.65
34.33
40.73
39.05
40.73
37.21
38.20
32.02
39.05
37.21
43.34
39.05
38.20
36.11
32.02
37.21
38.20
40.73
32.02
26.21
43.34
32.02
37.21
39.05
34.33
36.11
34.33
44.65
36.11
32.02
43.34
44.65
32.02
26.21
39.05
36.11
34.33
38.20
40.73
32.02
39.05
44.65
36.11
26.21
38.20
36.11
32.02
26.21
39.05
34.33
44.65
32.02
34.33
38.20
26.21
38.20
37.21
39.05
37.21
26.21
44.65
36.11
37.21
36.11
32.02
36.11
40.73
26.21
32.02
26.21
43.34
32.02
26.21
38.20
40.73
36.11
37.21
38.20
32.02
40.73
32.02
36.11
37.21
40.73
38.20
34.33
32.02
26.21
43.34
37.21
34.33
39.05
26.21
36.11
43.34
32.02
37.21
38.20
40.73
43.34
44.65
38.20
39.05
43.34
34.33
26.21
38.20
32.02
37.21
44.65
26.21
34.33
32.02
44.65
38.20
34.33
43.34
39.05
44.65
43.34
36.11
32.02
26.21
39.05
43.34
44.65
40.73
32.02
37.21
43.34
40.73
32.02
43.34
44.65
40.73
36.11
39.05
40.73
44.65
38.20
34.33
36.11
39.05
36.11
37.21
40.73
44.65
32.02
44.65
32.02
36.11
32.02
34.33
39.05
38.20
43.34
44.65
43.34
40.73
44.65
34.33
37.21
44.65
32.02
38.20
40.73
32.02
38.20
26.21
36.11
32.02
44.65
39.05
36.11
51.61
49.20
51.61
49.20
51.61
49.20
51.61
49.20
51.61
49.20
51.61
49.20
51.61
49.20
51.61
49.20
51.61
49.20
51.61
49.20
51.61
49.20
51.61
49.20
51.61
49.20
51.61
49.20
51.61
49.20
51.61
49.20
51.61
49.20
51.61
49.20
51.61
49.20
51.61
49.20
51.61
49.20
51.61
49.20
51.61
49.20
51.61
49.20
51.61
49.20
51.61
49.20
51.61
49.20
51.61
49.20
51.61
49.20
53.61
45.90
47.77
45.90
53.61
47.77
42.55
45.90
42.55
53.61
47.77
45.90
47.77
42.55
53.61
47.77
45.90
42.55
53.61
42.55
53.61
42.55
45.90
47.77
53.61
42.55
45.90
42.55
45.90
53.61
42.55
45.90
47.77
42.55
47.77
42.55
53.61
42.55
47.77
53.61
42.55
45.90
47.77
42.55
47.77
45.90
47.77
53.61
42.55
47.77
45.90
42.55
47.77
45.90
42.55
53.61
47.77
45.90
42.55
45.90
42.55
45.90
53.61
47.77
45.90
42.55
53.61
45.90
42.55
53.61
42.55
47.77
53.61
47.77
42.55
47.77
42.55
47.77
42.55
47.77
45.90
42.55
47.77
53.61
42.55
45.90
42.55
47.77
42.55
45.90
47.77
53.61
45.90
42.55
53.61
45.90
42.55
53.61
42.55
47.00
37.47
50.70
48.82
37.47
48.82
50.70
37.47
48.82
37.47
50.70
47.00
37.47
48.82
37.47
47.00
37.47
47.00
37.47
47.00
48.82
52.42
37.47
50.70
48.82
47.00
52.42
37.47
52.42
47.00
37.47
48.82
37.47
48.82
37.47
48.82
50.70
37.47
47.00
52.42
50.70
47.00
37.47
47.00
37.47
50.70
52.42
37.47
48.82
37.47
47.00
50.70
48.82
52.42
48.82
50.70
37.47
47.00
37.47
48.82
37.47
52.42
37.47
48.82
37.47
52.42
37.47
48.82
47.00
37.47
47.00
37.47
52.42
48.82
37.47
50.70
47.00
48.82
37.47
50.70
48.82
37.47
50.70
52.42
50.70
37.47
52.42
37.47
52.42
48.82
50.70
47.00
48.82
37.47
47.00
37.47
50.70
37.47
50.70
47.00
37.47
52.42
48.82
37.47
52.42
48.82
52.42
44.63
47.31
44.51
44.63
44.51
47.31
44.63
44.51
44.63
47.31
44.63
44.51
44.63
47.31
44.63
44.51
47.31
44.63
47.31
44.51
47.31
44.63
47.31
44.63
44.51
44.63
44.51
47.31
44.63
47.31
44.63
44.51
44.63
47.31
44.51
47.31
44.51
47.31
44.63
44.51
44.63
47.31
44.63
44.51
44.63
47.31
44.63
44.51
47.31
44.63
47.31
44.63
47.31
44.51
44.63
47.31
44.51
44.63
47.31
44.63
47.31
44.63
47.31
44.63
47.31
44.63
47.31
44.63
47.31
44.51
44.63
47.31
45.93
49.46
49.58
44.09
49.46
45.93
49.58
49.46
48.42
45.93
44.09
49.46
49.58
48.42
45.93
44.09
49.46
48.42
49.46
48.42
45.93
49.46
45.93
44.09
48.42
49.46
49.58
45.93
48.42
49.46
48.42
49.46
45.93
49.46
44.09
48.42
49.58
48.42
45.93
49.58
45.93
49.46
49.58
48.42
44.09
49.46
49.58
44.09
48.42
44.09
49.58
49.46
44.09
49.46
48.42
45.93
44.09
49.46
49.58
49.46
45.93
49.58
49.46
48.42
45.93
49.46
49.58
45.93
44.09
49.46
49.58
44.09
49.46
49.58
48.42
49.58
49.46
49.58
48.42
49.58
45.93
48.42
49.46
49.58
49.46
49.58
45.93
49.46
49.58
45.93
49.46
49.58
45.93
48.42
40.33
47.13
41.74
40.33
41.74
41.45
40.33
41.45
41.74
47.13
41.45
41.74
40.33
41.74
41.45
47.13
41.45
41.74
41.45
40.33
41.45
47.13
41.45
41.74
41.45
41.74
40.33
41.45
47.13
41.74
40.33
47.13
41.45
41.74
41.45
47.13
40.33
41.45
41.74
41.45
40.33
41.74
40.33
47.13
41.74
41.45
40.33
41.45
40.33
41.45
47.13
41.45
47.13
41.74
40.33
41.74
41.45
41.74
47.13
41.45
47.13
41.45
41.74
47.13
41.74
47.13
41.74
40.33
41.45
47.13
41.74
41.45
41.74
40.33
41.74
47.13
41.45
40.33
41.74
47.13
40.33
41.74
40.33
41.74
41.45
47.13
40.33
41.74
40.33
41.45
40.33
47.13
41.74
41.45
47.13
41.74
40.33
41.45
40.33
41.74
41.45
40.33
41.45
40.33
47.13
40.33
47.13
41.45
40.33
41.74
40.33
41.74
40.33
41.74
41.45
40.33
41.74
41.45
40.33
47.13
41.74
41.45
47.13
41.74
41.45
47.13
40.33
41.45
44.84
37.54
45.80
38.30
37.54
44.84
38.30
41.55
37.54
41.55
44.84
38.30
37.54
38.30
44.84
41.55
44.84
38.30
45.80
42.40
41.55
44.84
41.55
44.84
42.40
45.80
37.54
38.30
44.84
38.30
37.54
42.40
45.80
44.84
45.80
37.54
45.80
44.84
38.30
42.40
38.30
42.40
44.84
38.30
44.84
41.55
44.84
37.54
38.30
41.55
38.30
37.54
44.84
38.30
44.84
42.40
38.30
37.54
45.80
44.84
41.55
44.84
45.80
42.40
41.55
44.84
37.54
38.30
41.55
37.54
41.55
45.80
37.54
44.84
38.30
45.80
44.84
37.54
45.80
41.55
42.40
38.30
44.84
41.55
38.30
44.84
41.55
38.30
44.84
41.55
38.30
42.40
38.30
37.54
45.80
38.30
42.40
41.55
42.40
38.30
44.84
41.55
44.84
45.80
37.54
41.55
38.30
45.80
38.30
44.84
37.54
38.30
44.84
37.54
38.30
44.84
38.30
47.50
54.56
54.05
47.50
54.05
52.80
47.50
52.80
54.05
47.50
54.56
52.80
54.05
47.50
52.80
47.50
52.80
54.05
52.80
47.50
54.56
47.50
54.56
47.50
54.05
52.80
54.05
52.80
54.56
52.80
47.50
54.56
52.80
54.05
47.50
54.56
54.05
54.56
54.05
54.56
47.50
54.05
47.50
54.56
52.80
54.05
47.50
54.56
47.50
52.80
47.50
54.05
47.50
52.80
54.56
52.80
54.05
52.80
54.56
54.05
52.80
54.56
47.50
54.56
52.80
54.05
52.80
47.50
52.80
54.05
47.50
54.05
47.50
54.56
47.50
54.56
44.90
57.49
52.03
44.90
52.03
49.40
44.90
49.40
52.03
44.90
57.49
49.40
52.03
44.90
49.40
44.90
49.40
44.90
57.49
49.40
44.90
49.40
44.90
52.03
49.40
52.03
49.40
57.49
44.90
57.49
49.40
52.03
44.90
57.49
49.40
52.03
57.49
44.90
49.40
44.90
57.49
44.90
52.03
44.90
49.40
57.49
49.40
52.03
49.40
57.49
49.40
57.49
49.40
57.49
44.90
57.49
49.40
52.03
57.49
49.40
44.90
49.40
44.90
57.49
44.90
52.03
44.90
57.49
44.90
57.49
41.40
47.83
48.20
47.83
38.32
48.20
37.78
47.83
47.72
41.40
38.32
47.83
48.20
47.72
38.32
47.83
47.72
37.78
47.72
41.40
37.78
41.40
38.32
47.72
37.78
47.83
48.20
38.32
47.72
47.83
47.72
47.83
38.32
47.83
38.32
47.72
48.20
47.72
41.40
47.72
48.20
41.40
37.78
41.40
47.83
48.20
47.72
38.32
47.83
41.40
48.20
38.32
47.72
48.20
47.83
41.40
37.78
38.32
47.83
37.78
47.72
41.40
38.32
47.83
47.72
37.78
47.83
37.78
47.83
38.32
41.40
48.20
47.83
37.78
47.83
41.40
47.83
37.78
47.72
41.40
37.78
48.20
41.40
38.32
37.78
48.20
38.32
37.78
48.20
47.72
48.20
47.83
47.72
48.20
41.40
38.32
47.72
37.78
47.83
37.78
48.20
37.78
47.83
48.20
41.40
47.83
47.72
38.32
47.83
47.72
41.40
47.72
35.11
44.69
48.03
44.69
35.43
44.59
45.93
44.59
44.69
44.59
44.69
44.59
44.69
45.93
35.11
44.69
44.59
44.69
35.43
44.69
35.11
35.43
44.59
35.11
44.69
35.11
48.03
44.59
35.43
44.69
35.43
44.59
48.03
35.11
39.56
35.43
44.69
35.43
35.11
44.69
39.56
44.59
44.69
44.59
35.43
44.59
35.43
44.59
35.43
45.93
35.11
44.69
35.11
44.69
35.43
44.59
44.69
35.11
45.93
44.59
35.43
44.59
45.93
44.69
35.11
44.69
44.59
44.69
35.43
44.69
44.59
44.69
35.43
44.69
48.03
44.69
44.59
35.11
44.69
35.11
44.69
48.03
44.69
35.43
44.59
44.69
44.59
35.11
44.59
44.69
45.93
44.59
44.69
48.03
45.93
35.43
45.93
39.56
44.69
35.43
44.59
45.93
39.56
44.59
39.56
44.59
35.43
35.11
44.69
39.56
44.69
44.59
39.56
44.69
44.59
39.56
35.11
44.69
35.43
44.59
44.69
35.43
44.59
48.03
35.43
41.97
32.95
41.97
32.95
40.51
43.10
32.95
41.22
43.10
46.15
32.95
46.15
41.22
43.10
32.95
40.51
41.97
46.15
41.22
43.10
32.95
40.51
46.15
41.97
46.15
41.97
46.15
41.97
41.22
43.10
40.51
46.15
32.95
40.51
41.22
41.97
40.51
32.95
40.51
41.97
32.95
41.97
41.22
32.95
43.10
41.97
40.51
43.10
40.51
41.97
40.51
41.97
46.15
41.97
32.95
40.51
43.10
32.95
41.97
40.51
43.10
40.51
43.10
40.51
32.95
41.97
46.15
43.10
32.95
46.15
40.51
46.15
41.22
43.10
32.95
40.51
46.15
41.97
32.95
46.15
32.95
41.22
43.10
41.97
32.95
41.97
32.95
46.15
41.97
46.15
40.51
41.97
41.22
46.15
41.97
40.51
41.97
41.22
43.10
46.15
40.51
43.10
46.15
41.97
40.51
41.97
32.95
40.51
46.15
40.51
43.10
40.51
41.97
41.22
40.51
41.97
46.15
32.95
46.15
41.97
46.15
40.51
41.97
32.95
43.10
41.97
32.95
40.51
41.22
32.95
40.51
41.22
41.97
40.51
42.72
46.24
45.35
42.72
45.35
40.87
42.72
40.87
45.35
42.72
46.24
40.87
45.35
42.72
46.24
40.87
45.35
46.24
40.87
42.72
46.24
45.35
46.24
42.72
46.24
40.87
45.35
40.87
42.72
45.35
46.24
45.35
46.24
45.35
40.87
42.72
46.24
40.87
45.35
42.72
46.24
45.35
46.24
45.35
46.24
42.72
40.87
45.35
42.72
40.87
46.24
40.87
45.35
42.72
46.24
40.87
42.72
40.87
42.72
45.35
42.72
40.87
42.72
40.87
46.24
40.87
45.35
40.87
45.35
40.87
45.35
46.24
45.35
42.72
46.24
40.87
46.24
45.35
46.24
40.87
42.72
40.87
45.35
40.87
45.35
42.72
46.24
42.72
46.24
46.34
35.20
46.34
51.33
35.20
43.09
46.34
43.09
51.33
35.20
46.34
35.20
43.09
51.33
35.20
46.34
43.09
46.34
43.09
51.33
43.09
46.34
52.76
51.33
52.76
46.34
52.76
46.34
51.33
46.34
35.20
43.09
35.20
43.09
52.76
35.20
43.09
46.34
52.76
43.09
35.20
46.34
35.20
51.33
52.76
35.20
46.34
43.09
35.20
46.34
52.76
43.09
51.33
35.20
46.34
52.76
43.09
46.34
43.09
46.34
51.33
35.20
46.34
43.09
52.76
51.33
43.09
35.20
51.33
35.20
43.09
35.20
51.33
43.09
35.20
52.76
35.20
46.34
52.76
43.09
35.20
51.33
43.09
46.34
43.09
35.20
46.34
35.20
46.34
52.76
51.33
46.34
52.76
51.33
52.76
44.60
39.91
44.60
38.40
44.60
38.40
39.83
38.08
44.60
38.08
38.40
41.45
38.08
28.39
44.60
38.40
28.39
41.45
38.40
38.08
39.91
28.39
41.45
44.60
38.40
28.39
39.91
28.39
41.45
39.91
28.39
39.91
41.45
44.60
39.83
28.39
38.40
39.83
41.45
44.60
39.91
44.60
39.83
38.40
39.83
39.91
44.60
38.40
44.60
41.45
38.40
41.45
44.60
41.45
44.60
28.39
38.08
28.39
41.45
39.83
38.08
39.91
28.39
39.91
38.40
39.83
28.39
38.08
38.40
39.91
38.08
41.45
39.83
38.08
39.83
38.40
39.91
28.39
41.45
38.40
28.39
44.60
39.83
28.39
41.45
38.40
39.83
28.39
44.60
38.40
28.39
38.40
41.45
38.08
39.91
38.40
28.39
38.40
39.91
38.40
28.39
44.60
28.39
39.83
41.45
44.60
28.39
44.60
38.08
39.91
41.45
28.39
38.08
41.45
28.39
44.60
38.08
39.83
44.60
38.08
44.60
38.40
39.83
28.39
44.60
39.83
38.08
44.60
41.45
44.60
41.45
28.39
39.91
28.39
44.60
38.40
28.39
44.60
28.39
38.08
44.60
28.39
38.40
38.08
44.60
39.91
38.40
39.83
41.45
38.40
39.83
41.45
44.60
39.83
34.75
37.26
34.75
37.26
34.75
37.26
34.75
37.26
34.75
37.26
34.75
37.26
34.75
37.26
34.75
37.26
34.75
37.26
34.75
37.26
34.75
37.26
34.75
37.26
34.75
37.26
34.75
37.26
34.75
37.26
34.75
37.26
34.75
37.26
34.75
37.26
34.75
37.26
34.75
37.26
34.75
37.26
34.75
37.26
34.75
37.26
34.75
37.26
34.75
37.26
34.75
37.26
34.75
37.26
34.75
37.26
34.75
37.26
34.75
37.26
34.75
37.26
34.75
37.26
34.75
37.26
34.75
37.26
34.75
37.26
34.75
37.26
34.75
37.26
34.75
37.26
34.75
37.26
34.75
37.26
34.75
37.26
34.75
37.26
34.75
37.26
34.75
37.26
34.75
37.26
40.24
37.99
40.24
37.99
40.24
37.99
40.24
37.99
40.24
37.99
40.24
37.99
40.24
37.99
40.24
37.99
40.24
37.99
40.24
37.99
40.24
37.99
40.24
37.99
40.24
37.99
40.24
37.99
40.24
37.99
40.24
37.99
40.24
37.99
40.24
37.99
40.24
37.99
40.24
37.99
40.24
37.99
40.24
37.99
40.24
37.99
40.24
37.99
40.24
37.99
40.24
37.99
40.24
37.99
40.24
37.99
40.24
37.99
40.24
37.99
40.24
37.99
40.24
37.99
40.24
37.99
40.24
37.99
40.24
37.99
40.24
43.09
37.96
30.47
26.37
32.38
39.38
32.38
39.38
32.38
39.38
32.38
39.38
32.38
39.38
32.38
39.38
32.38
39.38
32.38
39.38
32.38
39.38
32.38
39.38
32.38
39.38
32.38
39.38
32.38
39.38
32.38
39.38
32.38
39.38
32.38
39.38
32.38
39.38
32.38
39.38
38.85
39.38
37.07
39.90
33.19
37.07
33.19
32.66
37.07
32.66
33.19
32.66
33.19
37.07
33.19
32.66
33.19
39.90
33.19
32.66
33.19
39.90
33.19
39.90
33.19
39.90
32.66
33.19
32.66
37.07
39.90
37.07
33.19
39.90
37.07
33.19
37.07
32.66
33.19
32.66
37.07
32.66
37.07
33.19
32.66
33.19
39.90
33.19
32.66
39.90
33.19
39.90
33.19
32.66
33.19
39.90
33.19
32.66
33.19
32.66
33.19
39.90
33.19
32.66
33.19
37.07
33.19
39.90
32.66
33.19
37.07
33.19
32.66
39.90
32.66
39.90
33.19
39.90
33.19
37.07
33.19
39.90
37.07
33.19
37.07
32.66
39.90
32.66
33.19
32.66
33.19
37.07
32.66
33.19
32.66
37.07
33.19
37.07
33.19
32.66
37.07
39.90
37.07
32.66
33.19
39.90
33.19
37.07
33.19
32.66
37.07
33.19
32.66
37.07
39.90
33.19
32.66
33.19
39.90
37.07
33.19
38.37
32.56
34.26
42.61
42.24
30.31
39.00
30.31
39.00
30.31
39.00
30.31
39.00
42.24
30.31
39.00
30.31
42.24
30.31
42.24
30.31
42.24
39.00
30.31
39.00
42.24
30.31
42.24
30.31
39.00
30.31
39.00
30.31
39.00
30.31
42.24
30.31
39.00
42.24
30.31
42.24
30.31
39.00
30.31
39.00
30.31
42.24
39.00
30.31
39.00
30.31
42.24
30.31
39.00
30.31
39.00
30.31
39.00
42.24
30.31
42.24
30.31
42.24
39.00
30.31
39.00
42.24
39.00
30.31
39.00
30.31
39.00
30.31
39.00
30.31
39.00
42.24
39.00
30.31
42.24
30.31
39.00
30.31
39.00
42.24
30.31
39.00
30.31
42.24
30.31
38.38
36.34
48.04
51.98
47.78
46.58
41.82
47.77
31.91
36.41
47.09
34.22
47.09
34.22
47.09
34.22
47.09
34.22
47.09
34.22
47.09
34.22
47.09
34.22
47.09
34.22
47.09
34.22
47.09
34.22
47.09
34.22
47.09
34.22
47.09
34.22
47.09
34.22
47.09
34.22
47.09
34.22
47.09
34.22
47.09
34.22
47.09
34.22
47.09
34.22
47.09
34.22
47.09
34.22
47.09
34.22
47.09
34.22
47.09
34.22
47.09
34.22
47.09
34.22
47.09
34.22
39.40
36.18
30.88
39.40
30.88
36.18
30.88
36.18
30.88
39.40
30.88
36.18
30.88
36.18
39.40
30.88
36.18
30.88
39.40
30.88
36.18
30.88
39.40
36.18
30.88
36.18
39.40
30.88
39.40
30.88
39.40
36.18
30.88
36.18
39.40
30.88
36.18
30.88
36.18
30.88
36.18
30.88
39.40
30.88
36.18
30.88
36.18
30.88
36.18
30.88
36.18
30.88
36.18
30.88
36.18
30.88
39.40
30.88
36.18
30.88
36.18
30.88
39.40
30.88
36.18
39.40
30.88
36.18
39.40
30.88
39.40
30.88
36.18
30.88
39.40
36.18
39.40
36.18
30.88
36.18
30.88
39.40
36.18
30.88
36.18
39.40
30.88
36.18
30.88
36.18
39.40
36.18
39.40
36.18
30.88
39.40
30.88
39.40
30.88
36.18
39.40
30.88
36.18
39.40
36.18
30.88
36.18
30.88
36.18
39.40
30.88
42.94
36.79
42.94
40.20
36.79
40.20
35.25
42.94
35.25
40.20
35.25
42.94
35.25
40.20
42.94
40.20
35.25
40.20
35.25
36.79
40.20
35.25
42.94
40.20
36.79
40.20
36.79
40.20
36.79
35.25
42.94
40.20
35.25
42.94
36.79
40.20
36.79
42.94
40.20
36.79
35.25
40.20
35.25
42.94
35.25
42.94
40.20
35.25
40.20
36.79
40.20
35.25
36.79
40.20
36.79
40.20
35.25
40.20
35.25
40.20
36.79
35.25
40.20
35.25
40.20
36.79
40.20
35.25
40.20
42.94
40.20
35.25
40.20
36.79
40.20
42.94
40.20
42.94
40.20
35.25
36.79
40.20
36.79
40.20
42.94
36.79
40.20
36.79
35.25
42.94
40.20
42.94
35.25
36.79
35.25
40.20
35.25
40.20
36.79
35.25
40.20
42.94
35.25
36.79
40.20
42.94
40.20
35.25
36.79
35.25
40.20
36.79
40.20
42.94
40.20
36.79
40.20
35.25
36.79
40.20
35.25
36.79
40.20
35.25
40.20
35.25
36.79
42.94
40.20
27.30
33.46
27.30
33.46
27.30
33.46
27.30
33.46
27.30
33.46
27.30
33.46
27.30
33.46
27.30
33.46
27.30
33.46
27.30
33.46
27.30
33.46
27.30
33.46
27.30
33.46
27.30
33.46
27.30
33.46
27.30
33.46
27.30
33.46
27.30
33.46
27.30
33.46
27.30
33.46
27.30
33.46
27.30
33.46
27.30
33.46
27.30
33.46
27.30
33.46
27.30
33.46
27.30
33.46
27.30
33.46
27.30
33.46
27.30
33.46
27.30
33.46
27.30
33.46
27.30
33.46
27.30
33.46
27.30
33.46
27.30
33.46
27.30
33.46
27.30
33.46
27.30
33.46
27.30
33.46
27.30
33.46
41.67
41.50
41.67
41.50
41.67
41.50
41.67
41.50
41.67
41.50
41.67
41.50
41.67
41.50
41.67
41.50
41.67
41.50
41.67
41.50
41.67
41.50
41.67
41.50
41.67
41.50
41.67
41.50
41.67
41.50
41.67
41.50
41.67
41.50
41.67
41.50
41.67
41.50
41.67
41.50
41.67
41.50
41.67
41.50
41.67
41.50
41.67
41.50
41.67
41.50
41.67
41.50
41.67
41.50
41.67
41.50
41.67
41.50
41.67
41.50
41.67
41.50
41.67
41.50
41.67
41.50
41.67
41.50
41.67
41.50
41.67
41.50
41.67
41.50
41.67
41.50
47.18
33.60
29.60
47.18
29.60
31.32
47.18
31.32
29.60
31.32
47.18
29.60
31.32
33.60
31.32
29.60
31.32
33.60
31.32
33.60
31.32
47.18
29.60
31.32
29.60
47.18
31.32
33.60
31.32
33.60
47.18
33.60
31.32
29.60
31.32
33.60
47.18
33.60
47.18
31.32
29.60
31.32
33.60
47.18
29.60
47.18
31.32
29.60
31.32
47.18
31.32
47.18
31.32
33.60
31.32
33.60
29.60
33.60
29.60
31.32
29.60
33.60
31.32
29.60
33.60
29.60
31.32
29.60
47.18
31.32
33.60
31.32
29.60
31.32
29.60
47.18
29.60
33.60
31.32
33.60
29.60
33.60
29.60
47.18
31.32
33.60
47.18
31.32
47.18
31.32
33.60
31.32
47.18
31.32
47.18
29.60
31.32
47.18
31.32
47.18
33.60
47.18
33.60
31.32
33.60
29.60
47.18
29.60
31.32
47.18
29.60
31.32
47.18
29.60
31.32
47.18
33.60
29.60
31.32
33.60
29.60
31.32
33.60
47.18
31.32
47.83
49.98
42.53
45.26
42.53
45.26
42.53
45.26
42.53
45.26
42.53
45.26
42.53
45.26
49.98
45.26
49.98
45.26
42.53
45.26
42.53
45.26
42.53
45.26
42.53
45.26
49.98
45.26
49.98
45.26
49.98
42.53
45.26
42.53
49.98
45.26
42.53
49.98
42.53
45.26
42.53
45.26
49.98
45.26
42.53
45.26
42.53
45.26
42.53
45.26
49.98
45.26
42.53
49.98
42.53
45.26
49.98
45.26
42.53
45.26
49.98
45.26
49.98
42.53
45.26
42.53
45.26
49.98
42.53
45.26
42.53
45.26
49.98
45.26
48.02
48.08
40.69
45.38
48.08
45.38
48.08
48.02
45.38
48.08
40.69
51.28
48.08
48.02
45.38
48.08
40.69
48.08
40.69
48.02
51.28
48.08
48.02
45.38
40.69
48.08
40.69
45.38
40.69
48.08
40.69
51.28
48.08
45.38
48.08
45.38
40.69
45.38
40.69
48.02
40.69
45.38
51.28
48.08
51.28
48.08
40.69
45.38
48.08
51.28
40.69
45.38
40.69
45.38
40.69
48.08
51.28
48.08
45.38
48.08
40.69
48.08
48.02
45.38
48.08
40.69
48.08
48.02
45.38
48.08
51.28
48.08
40.69
48.02
48.08
45.38
51.28
48.02
45.38
48.08
40.69
45.38
48.08
40.69
48.08
40.69
45.38
48.02
40.69
51.28
48.08
45.38
48.08
45.38
48.02
48.08
40.69
48.02
48.08
40.69
48.02
40.69
44.34
35.70
44.34
35.70
36.90
35.70
36.90
35.70
36.90
35.70
44.34
35.70
36.90
35.70
44.34
35.70
44.34
35.70
44.34
36.90
35.70
36.90
44.34
35.70
44.34
35.70
44.34
36.90
35.70
36.90
35.70
36.90
35.70
44.34
35.70
44.34
35.70
44.34
35.70
36.90
35.70
44.34
35.70
36.90
35.70
36.90
35.70
44.34
35.70
36.90
35.70
36.90
35.70
44.34
35.70
36.90
44.34
35.70
44.34
35.70
44.34
35.70
44.34
36.90
35.70
44.34
36.90
35.70
36.90
35.70
44.34
35.70
36.90
35.70
44.34
36.90
35.70
44.34
35.70
44.34
35.70
44.34
35.70
36.90
44.34
35.70
36.90
35.70
36.90
44.34
35.70
41.97
45.27
41.97
45.27
40.74
45.27
40.74
45.27
40.74
45.27
40.74
41.97
45.27
40.74
45.27
40.74
45.27
41.97
40.74
41.97
45.27
41.97
40.74
45.27
40.74
41.97
40.74
45.27
40.74
41.97
45.27
40.74
45.27
40.74
41.97
40.74
41.97
45.27
41.97
45.27
40.74
45.27
41.97
40.74
45.27
41.97
45.27
40.74
45.27
40.74
45.27
40.74
45.27
40.74
45.27
41.97
45.27
40.74
41.97
45.27
41.97
45.27
41.97
45.27
40.74
41.97
40.74
45.27
40.74
41.97
40.74
45.27
40.74
45.27
41.97
40.74
45.27
40.74
45.27
40.74
41.97
40.74
41.97
45.27
41.97
45.27
40.74
41.97
45.27
40.74
41.97
45.27
40.74
45.27
40.74
41.97
40.74
50.06
41.97
41.92
41.97
41.92
44.19
41.97
44.19
41.92
41.97
41.92
44.19
41.92
41.97
44.19
41.97
44.19
50.06
44.19
50.06
41.92
44.19
41.97
41.92
44.19
41.97
44.19
41.97
41.92
41.97
41.92
44.19
41.92
44.19
50.06
44.19
41.92
50.06
44.19
50.06
41.97
41.92
44.19
41.92
41.97
50.06
41.92
44.19
41.92
41.97
50.06
44.19
41.92
41.97
44.19
50.06
41.92
41.97
41.92
44.19
41.97
44.19
41.97
41.92
50.06
41.92
41.97
50.06
41.97
44.19
50.06
41.92
44.19
41.92
44.19
41.92
44.19
41.92
44.19
41.92
41.97
44.19
41.92
50.06
41.92
44.19
50.06
41.97
44.19
41.92
41.97
41.92
50.06
41.97
41.92
41.97
41.92
50.06
44.19
41.19
40.84
41.19
40.84
43.96
40.84
43.96
46.93
40.84
46.93
41.19
43.96
40.84
43.96
41.19
46.93
41.19
43.96
40.84
43.96
40.84
41.19
46.93
41.19
46.93
41.19
43.96
40.84
43.96
41.19
43.96
40.84
43.96
41.19
40.84
41.19
43.96
40.84
43.96
41.19
43.96
41.19
46.93
41.19
40.84
43.96
46.93
43.96
40.84
41.19
43.96
40.84
41.19
46.93
43.96
40.84
43.96
46.93
41.19
43.96
40.84
43.96
46.93
41.19
40.84
46.93
40.84
41.19
43.96
41.19
40.84
41.19
40.84
46.93
41.19
46.93
43.96
41.19
46.93
43.96
41.19
43.96
46.93
43.96
46.93
41.19
43.96
40.84
43.96
46.93
43.96
41.19
43.96
41.19
40.84
46.93
41.19
46.93
43.96
41.19
40.84
43.96
41.19
40.84
43.96
41.19
40.84
43.96
41.19
43.96
43.08
47.16
35.35
41.15
47.16
41.15
35.35
41.15
47.16
41.15
35.35
41.15
35.35
41.15
35.35
41.15
47.16
41.15
35.35
41.15
35.35
47.16
35.35
41.15
35.35
47.16
35.35
47.16
41.15
35.35
47.16
41.15
47.16
35.35
41.15
35.35
47.16
41.15
35.35
41.15
35.35
41.15
35.35
41.15
35.35
41.15
35.35
41.15
35.35
41.15
35.35
41.15
47.16
41.15
35.35
41.15
47.16
41.15
35.35
41.15
35.35
41.15
35.35
41.15
47.16
41.15
35.35
41.15
47.16
41.15
35.35
41.15
35.35
41.15
47.16
41.15
47.16
41.15
47.16
35.35
47.16
35.35
41.15
35.35
41.15
47.16
41.15
47.16
41.15
47.16
35.35
41.15
35.35
41.15
35.35
47.16
41.15
47.56
43.85
48.62
43.85
48.62
43.85
48.62
43.85
48.62
43.85
48.62
43.85
48.62
43.85
48.62
43.85
48.62
43.85
48.62
43.85
48.62
43.85
48.62
43.85
48.62
43.85
48.62
43.85
48.62
43.85
48.62
43.85
48.62
43.85
48.62
43.85
48.62
43.85
48.62
43.85
48.62
43.85
48.62
43.85
48.62
43.85
48.62
43.85
48.62
43.85
48.62
43.85
48.62
43.85
48.62
43.85
48.62
43.85
48.62
43.85
48.62
43.85
48.62
43.85
48.62
43.85
36.62
44.16
36.62
44.16
36.62
44.16
36.62
44.16
36.62
44.16
36.62
44.16
36.62
44.16
36.62
44.16
36.62
44.16
36.62
44.16
36.62
44.16
36.62
44.16
36.62
44.16
36.62
44.16
36.62
44.16
36.62
44.16
36.62
44.16
36.62
44.16
36.62
44.16
36.62
44.16
36.62
44.16
36.62
44.16
36.62
44.16
36.62
44.16
36.62
44.16
36.62
44.16
36.62
44.16
36.62
44.16
36.62
44.16
36.62
44.16
36.62
44.16
36.62
44.16
36.62
44.16
36.62
44.16
36.62
44.16
39.96
37.17
39.96
37.17
39.96
37.17
39.96
37.17
39.96
37.17
39.96
37.17
39.96
37.17
39.96
37.17
39.96
37.17
39.96
37.17
39.96
37.17
39.96
37.17
39.96
37.17
39.96
37.17
39.96
37.17
39.96
37.17
39.96
37.17
39.96
37.17
39.96
37.17
39.96
37.17
39.96
37.17
39.96
37.17
39.96
37.17
39.96
37.17
39.96
37.17
39.96
47.68
43.79
44.02
43.79
47.68
43.79
47.68
43.79
47.68
43.79
44.02
43.79
47.68
43.79
44.02
43.79
47.68
43.79
44.02
47.68
43.79
47.68
44.02
43.79
44.02
43.79
47.68
43.79
47.68
43.79
47.68
43.79
47.68
43.79
47.68
43.79
47.68
43.79
47.68
43.79
47.68
43.79
47.68
43.79
47.68
43.79
47.68
43.79
47.68
43.79
47.68
43.79
44.02
43.79
47.68
44.02
43.79
47.68
44.02
43.79
44.02
43.79
47.68
43.79
44.02
47.68
43.79
47.68
43.79
44.02
43.79
47.68
43.79
44.02
47.68
44.02
47.68
43.79
44.02
43.79
44.02
43.79
44.02
43.79
47.68
43.79
47.68
43.79
47.68
44.02
43.79
43.40
36.67
43.40
36.67
43.40
36.67
43.40
36.67
43.40
36.67
43.40
36.67
43.40
36.67
43.40
36.67
43.40
36.67
43.40
36.67
43.40
36.67
43.40
36.67
43.40
36.67
43.40
36.67
43.40
36.67
43.40
36.67
43.40
36.67
43.40
36.67
43.40
36.67
43.40
36.67
43.40
36.67
43.40
36.67
43.40
36.67
43.40
36.67
43.40
36.67
43.40
36.67
43.40
36.67
43.40
36.67
43.40
36.67
43.40
36.67
43.40
36.67
43.40
36.67
43.40
36.67
43.40
36.67
43.40
36.67
43.40
36.67
43.40
36.67
43.40
36.67
43.40
36.67
43.40
36.67
43.40
36.67
43.40
36.67
43.40
36.67
43.40
36.67
43.40
36.67
42.44
33.36
45.81
33.36
45.81
33.36
45.81
33.36
45.81
42.44
33.36
45.81
33.36
42.44
33.36
42.44
45.81
33.36
45.81
42.44
33.36
42.44
33.36
45.81
33.36
45.81
33.36
45.81
33.36
42.44
33.36
45.81
42.44
33.36
42.44
33.36
45.81
33.36
42.44
45.81
33.36
45.81
33.36
42.44
33.36
45.81
33.36
42.44
45.81
33.36
45.81
42.44
45.81
42.44
33.36
42.44
33.36
42.44
33.36
45.81
42.44
45.81
33.36
45.81
33.36
45.81
33.36
45.81
33.36
45.81
42.44
45.81
33.36
42.44
33.36
45.81
33.36
45.81
42.44
33.36
45.81
33.36
42.44
33.36
32.76
35.01
48.85
35.01
48.85
35.01
32.76
48.85
35.01
48.85
32.76
35.01
32.76
48.85
35.01
32.76
35.01
32.76
48.85
35.01
48.85
32.76
48.85
35.01
32.76
35.01
32.76
35.01
48.85
35.01
48.85
35.01
32.76
48.85
32.76
35.01
32.76
35.01
48.85
35.01
48.85
35.01
32.76
48.85
35.01
32.76
35.01
48.85
35.01
32.76
48.85
35.01
48.85
35.01
32.76
48.85
32.76
35.01
32.76
35.01
48.85
32.76
35.01
48.85
32.76
48.85
35.01
48.85
35.01
48.85
35.01
48.85
35.01
48.85
35.01
48.85
32.76
35.01
32.76
35.01
48.85
35.01
48.85
32.76
35.01
48.85
32.76
35.01
48.85
32.76
48.85
