76.88
70.39
69.26
70.39
69.26
70.39
76.88
69.26
70.39
69.26
76.88
70.39
69.26
70.39
76.88
70.39
76.88
69.26
70.39
69.26
76.88
69.26
70.39
76.88
70.39
69.26
70.39
69.26
70.39
69.26
70.39
76.88
69.26
76.88
70.39
76.88
70.39
69.26
70.39
69.26
70.39
76.88
69.26
70.39
76.88
70.39
69.26
70.39
76.88
69.26
70.39
69.26
70.39
69.26
76.88
69.26
76.88
70.39
76.88
70.39
69.26
76.88
70.39
69.26
76.88
69.26
70.39
69.26
70.39
69.26
70.39
69.26
70.39
69.26
70.39
69.26
76.88
70.39
76.88
70.39
69.26
70.39
69.26
76.88
70.39
69.26
70.39
69.26
76.88
69.26
80.43
77.09
64.33
77.09
80.43
64.33
69.00
77.09
69.00
80.43
64.33
77.09
64.33
80.43
69.00
80.43
64.33
77.09
69.00
80.43
69.00
80.43
69.00
80.43
69.00
77.09
69.00
80.43
69.00
77.09
69.00
80.43
77.09
80.43
77.09
64.33
69.00
64.33
69.00
80.43
69.00
64.33
80.43
69.00
80.43
77.09
64.33
69.00
64.33
77.09
80.43
64.33
80.43
69.00
64.33
77.09
80.43
69.00
80.43
77.09
69.00
80.43
77.09
69.00
80.43
77.09
69.00
77.09
80.43
64.33
80.43
77.09
80.43
77.09
69.00
80.43
69.00
64.33
80.43
69.00
64.33
80.43
69.00
80.43
64.33
69.00
64.33
77.09
69.00
64.33
80.43
69.00
80.43
69.00
77.09
69.00
64.33
77.09
64.33
80.43
77.09
69.00
80.43
77.09
69.00
80.43
69.00
69.91
71.14
69.91
71.14
69.91
97.42
71.14
69.91
71.14
69.91
71.14
69.91
71.14
69.91
71.14
69.91
97.42
71.14
69.91
71.14
69.91
71.14
69.91
71.14
69.91
71.14
69.91
71.14
69.91
71.14
69.91
71.14
69.91
71.14
69.91
97.42
71.14
69.91
71.14
69.91
97.42
71.14
69.91
71.14
97.42
69.91
71.14
97.42
71.14
69.91
71.14
69.91
71.14
69.91
71.14
69.91
71.14
97.42
71.14
69.91
71.14
69.91
71.14
69.91
71.14
69.91
71.14
97.42
71.14
84.19
75.03
79.80
66.64
75.03
66.64
75.03
66.64
75.03
66.64
84.19
75.03
66.64
75.03
66.64
84.19
75.03
66.64
75.03
79.80
66.64
79.80
75.03
66.64
75.03
66.64
75.03
66.64
75.03
66.64
79.80
66.64
84.19
75.03
84.19
75.03
79.80
75.03
66.64
75.03
84.19
66.64
79.80
66.64
75.03
84.19
75.03
66.64
75.03
66.64
75.03
79.80
75.03
66.64
75.03
84.19
75.03
79.80
66.64
75.03
66.64
75.03
66.64
75.03
66.64
75.03
66.64
75.03
79.80
75.03
66.64
84.19
66.64
75.03
84.19
75.03
66.64
75.03
66.64
84.19
75.03
79.80
66.64
75.03
79.80
66.64
79.80
82.47
73.36
66.01
82.47
73.36
82.47
66.01
73.36
66.01
82.47
73.36
66.01
82.47
73.36
66.01
82.47
66.01
82.47
66.01
73.36
66.01
82.47
66.01
73.36
66.01
73.36
82.47
73.36
82.47
66.01
82.47
66.01
82.47
66.01
82.47
66.01
73.36
66.01
82.47
73.36
66.01
82.47
66.01
82.47
66.01
73.36
66.01
82.47
73.36
66.01
82.47
73.36
66.01
73.36
66.01
73.36
82.47
73.36
82.47
73.36
66.01
82.47
66.01
82.47
66.01
82.47
66.01
73.36
66.01
82.47
66.01
82.47
66.01
73.36
66.01
73.36
82.47
73.36
66.01
82.47
73.36
66.01
82.47
66.01
77.32
62.26
70.62
77.32
70.62
77.32
70.62
62.26
70.62
77.32
70.62
62.26
70.62
62.26
70.62
62.26
70.62
62.26
70.62
62.26
70.62
62.26
77.32
62.26
70.62
62.26
77.32
62.26
77.32
70.62
62.26
77.32
70.62
77.32
62.26
70.62
77.32
70.62
77.32
70.62
62.26
70.62
62.26
70.62
62.26
70.62
62.26
70.62
62.26
70.62
62.26
70.62
77.32
70.62
62.26
70.62
77.32
70.62
62.26
70.62
62.26
70.62
62.26
70.62
77.32
70.62
62.26
77.32
70.62
77.32
70.62
62.26
70.62
62.26
70.62
77.32
70.62
77.32
70.62
77.32
70.62
77.32
62.26
77.32
62.26
70.62
62.26
70.62
77.32
70.62
77.32
70.62
77.32
70.62
77.32
62.26
70.62
62.26
70.62
62.26
77.32
70.62
75.26
67.91
75.26
67.91
77.39
62.21
67.91
62.21
77.39
67.91
77.39
62.21
67.91
62.21
75.26
77.39
62.21
67.91
77.39
67.91
75.26
77.39
62.21
75.26
77.39
75.26
62.21
77.39
67.91
77.39
62.21
75.26
77.39
67.91
77.39
75.26
67.91
62.21
67.91
62.21
77.39
62.21
77.39
62.21
77.39
62.21
75.26
67.91
75.26
67.91
77.39
62.21
67.91
75.26
62.21
77.39
62.21
67.91
75.26
67.91
62.21
67.91
77.39
62.21
67.91
77.39
67.91
75.26
67.91
62.21
75.26
67.91
75.26
67.91
75.26
77.39
62.21
77.39
62.21
75.26
62.21
77.39
62.21
77.39
75.26
62.21
77.39
62.21
67.91
77.39
62.21
75.26
62.21
77.39
75.26
67.91
75.26
67.91
62.21
75.26
67.91
62.21
75.26
67.91
77.39
62.21
67.91
77.39
62.21
75.26
77.39
57.20
61.34
71.81
61.34
71.81
65.19
57.20
65.19
70.18
71.81
70.18
65.19
71.81
57.20
71.81
65.19
70.18
71.81
65.19
61.34
71.81
70.18
57.20
71.81
65.19
71.81
61.34
65.19
61.34
71.81
61.34
70.18
57.20
65.19
71.81
65.19
70.18
57.20
61.34
65.19
71.81
65.19
61.34
57.20
71.81
57.20
70.18
71.81
70.18
57.20
70.18
57.20
65.19
70.18
65.19
61.34
71.81
61.34
71.81
65.19
70.18
71.81
61.34
65.19
70.18
65.19
70.18
65.19
71.81
61.34
71.81
70.18
71.81
57.20
65.19
70.18
71.81
65.19
71.81
61.34
71.81
70.18
61.34
71.81
61.34
71.81
57.20
61.34
71.81
65.19
70.18
57.20
71.81
57.20
65.19
61.34
70.18
71.81
65.19
70.18
71.81
61.34
65.19
57.20
65.19
57.20
71.81
65.19
57.20
65.19
61.34
70.18
65.19
61.34
71.81
57.20
71.81
61.34
71.81
65.19
61.34
71.81
65.19
57.20
61.34
71.81
65.19
70.18
71.81
65.19
70.18
61.34
57.20
65.19
72.12
77.44
62.36
72.12
62.36
72.12
77.44
72.12
77.74
77.44
77.74
72.12
77.44
62.36
77.74
72.12
77.44
77.74
77.44
77.74
72.12
77.74
72.12
77.74
77.44
62.36
72.12
62.36
77.44
62.36
77.44
72.12
77.44
72.12
77.74
72.12
77.74
72.12
62.36
72.12
77.74
77.44
62.36
77.74
72.12
77.44
62.36
72.12
62.36
72.12
62.36
77.44
72.12
77.44
62.36
77.74
72.12
77.44
62.36
77.74
77.44
77.74
77.44
72.12
77.44
72.12
77.44
77.74
62.36
72.12
77.74
72.12
77.74
62.36
72.12
77.74
62.36
77.44
62.36
77.74
62.36
72.12
62.36
72.12
77.74
77.44
77.74
62.36
77.44
72.12
77.44
62.36
72.12
77.44
62.36
72.12
62.36
70.41
90.88
70.41
90.88
70.41
90.88
70.41
90.88
70.41
90.88
70.41
90.88
70.41
90.88
70.41
90.88
70.41
90.88
70.41
90.88
70.41
90.88
70.41
90.88
70.41
90.88
70.41
90.88
70.41
90.88
70.41
90.88
70.41
90.88
70.41
90.88
70.41
90.88
70.41
90.88
70.41
90.88
70.41
90.88
70.41
90.88
70.41
90.88
70.41
90.88
70.41
90.88
70.41
90.88
70.41
90.88
70.41
90.88
70.41
90.88
70.41
90.88
70.41
90.88
70.41
90.88
70.41
90.88
70.41
90.88
70.41
90.88
70.41
90.88
70.41
90.88
70.41
90.88
70.41
90.88
70.41
90.88
70.41
90.88
70.41
90.88
70.41
90.88
70.41
90.88
96.65
63.61
96.65
68.43
63.61
68.43
80.98
96.65
80.98
68.43
80.98
68.43
96.65
68.43
80.98
68.43
80.98
63.61
68.43
80.98
96.65
68.43
63.61
68.43
80.98
63.61
68.43
63.61
80.98
96.65
68.43
80.98
96.65
63.61
68.43
63.61
96.65
68.43
63.61
80.98
68.43
80.98
96.65
80.98
96.65
68.43
80.98
68.43
80.98
68.43
80.98
63.61
68.43
63.61
68.43
80.98
68.43
80.98
68.43
63.61
80.98
68.43
80.98
68.43
63.61
68.43
80.98
68.43
96.65
68.43
80.98
68.43
80.98
68.43
63.61
68.43
80.98
63.61
68.43
63.61
68.43
96.65
63.61
68.43
80.98
96.65
68.43
96.65
80.98
63.61
80.98
68.43
80.98
68.43
63.61
80.98
68.43
96.65
80.98
63.61
68.43
96.65
68.43
80.98
63.61
80.98
63.61
80.98
68.43
63.61
68.43
96.65
68.43
63.61
68.43
80.98
63.61
68.43
80.98
63.61
68.43
80.98
68.43
80.98
63.61
96.65
68.43
65.27
69.72
77.62
69.72
56.75
65.27
69.72
65.27
75.18
69.72
75.18
65.27
69.72
65.27
75.18
65.27
69.72
56.75
69.72
77.62
75.18
65.27
75.18
77.62
65.27
56.75
69.72
56.75
65.27
77.62
56.75
69.72
56.75
65.27
69.72
65.27
69.72
65.27
56.75
65.27
56.75
65.27
56.75
65.27
75.18
65.27
69.72
56.75
65.27
69.72
65.27
56.75
65.27
56.75
69.72
65.27
75.18
65.27
69.72
56.75
75.18
65.27
69.72
56.75
75.18
77.62
69.72
75.18
69.72
65.27
77.62
69.72
65.27
77.62
69.72
77.62
75.18
56.75
65.27
75.18
65.27
75.18
65.27
75.18
77.62
65.27
56.75
65.27
69.72
56.75
75.18
56.75
65.27
56.75
65.27
69.72
75.18
77.62
75.18
65.27
77.62
69.72
65.27
69.72
56.75
65.27
69.72
56.75
65.27
77.62
56.75
54.95
60.57
67.91
54.95
67.91
58.62
63.87
54.95
63.87
67.91
63.87
67.91
54.95
67.91
63.87
67.91
58.62
60.57
67.91
63.87
67.91
58.62
67.91
60.57
58.62
60.57
67.91
60.57
63.87
58.62
67.91
58.62
63.87
54.95
60.57
54.95
60.57
54.95
58.62
67.91
58.62
60.57
54.95
67.91
54.95
63.87
67.91
63.87
54.95
58.62
63.87
58.62
60.57
58.62
60.57
67.91
60.57
67.91
58.62
63.87
67.91
60.57
58.62
63.87
58.62
63.87
58.62
67.91
60.57
67.91
63.87
67.91
54.95
58.62
67.91
60.57
63.87
67.91
58.62
67.91
60.57
67.91
63.87
60.57
63.87
60.57
67.91
60.57
67.91
54.95
67.91
58.62
60.57
63.87
54.95
67.91
54.95
63.87
60.57
63.87
67.91
58.62
63.87
67.91
60.57
58.62
54.95
67.91
58.62
67.91
58.62
63.87
58.62
54.95
60.57
54.95
63.87
58.62
60.57
67.91
54.95
67.91
63.87
54.95
67.91
63.87
54.95
60.57
67.91
58.62
63.87
67.91
58.62
60.57
54.95
58.62
59.28
59.69
60.27
59.69
59.28
60.27
59.69
59.28
59.69
60.27
59.28
59.69
59.28
59.69
59.28
59.69
59.28
59.69
60.27
59.28
59.69
59.28
59.69
59.28
59.69
60.27
59.69
59.28
60.27
59.28
59.69
59.28
59.69
60.27
59.69
59.28
59.69
59.28
60.27
59.28
59.69
60.27
59.69
59.28
59.69
59.28
59.69
59.28
59.69
60.27
59.69
59.28
60.27
59.69
59.28
59.69
59.28
59.69
60.27
59.28
59.69
60.27
59.28
59.69
60.27
59.69
60.27
59.69
60.27
59.69
60.27
59.28
59.69
59.28
59.69
60.27
59.69
60.27
59.28
59.69
60.27
59.28
59.69
60.27
59.28
59.69
94.49
64.58
94.49
64.58
94.49
64.58
94.49
64.58
94.49
64.58
94.49
64.58
94.49
64.58
94.49
64.58
94.49
64.58
94.49
64.58
94.49
64.58
94.49
64.58
94.49
64.58
94.49
64.58
94.49
64.58
94.49
64.58
94.49
64.58
94.49
64.58
94.49
64.58
94.49
64.58
94.49
64.58
94.49
64.58
94.49
64.58
94.49
64.58
94.49
64.58
94.49
64.58
94.49
64.58
94.49
64.58
94.49
64.58
94.49
64.58
94.49
59.66
98.94
64.09
68.24
98.94
68.24
64.09
98.94
64.09
59.66
68.24
98.94
68.24
59.66
64.09
68.24
64.09
59.66
64.09
59.66
64.09
59.66
68.24
64.09
98.94
64.09
68.24
59.66
64.09
98.94
64.09
59.66
64.09
68.24
64.09
98.94
68.24
64.09
68.24
64.09
59.66
64.09
68.24
59.66
64.09
59.66
98.94
64.09
68.24
98.94
59.66
68.24
64.09
68.24
98.94
64.09
59.66
64.09
68.24
64.09
59.66
68.24
98.94
64.09
98.94
64.09
98.94
68.24
59.66
68.24
59.66
64.09
59.66
98.94
64.09
59.66
64.09
68.24
59.66
68.24
64.09
68.24
64.09
68.24
64.09
68.24
98.94
64.09
68.24
59.66
68.24
64.09
59.66
64.09
98.94
64.09
68.24
64.09
68.24
59.66
98.94
64.09
68.24
98.94
64.09
59.66
64.09
79.27
55.55
66.71
79.27
66.71
55.55
79.27
55.55
66.71
55.55
66.71
79.27
66.71
55.55
66.71
55.55
79.27
66.71
55.55
66.71
79.27
66.71
55.55
66.71
79.27
55.55
66.71
55.55
79.27
55.55
66.71
79.27
66.71
79.27
55.55
66.71
55.55
79.27
55.55
79.27
66.71
55.55
66.71
55.55
66.71
79.27
66.71
55.55
66.71
55.55
66.71
79.27
55.55
66.71
79.27
66.71
55.55
66.71
79.27
66.71
55.55
66.71
55.55
66.71
79.27
66.71
55.55
79.27
66.71
55.55
79.27
66.71
79.27
66.71
55.55
79.27
66.71
79.27
55.55
79.27
55.55
66.71
55.55
66.71
79.27
55.55
79.27
66.71
55.55
66.71
55.55
79.27
55.55
79.27
55.55
66.71
79.27
66.71
79.27
66.71
55.55
79.27
66.71
55.55
79.27
55.55
66.71
55.55
66.71
55.55
79.27
55.55
56.56
57.52
70.72
57.52
56.56
57.52
56.56
57.52
56.56
57.52
56.56
57.52
70.72
57.52
56.56
57.52
70.72
57.52
56.56
57.52
70.72
56.56
57.52
56.56
70.72
57.52
70.72
57.52
56.56
57.52
56.56
57.52
56.56
57.52
56.56
57.52
56.56
57.52
56.56
57.52
56.56
57.52
56.56
57.52
56.56
57.52
56.56
57.52
56.56
57.52
56.56
57.52
56.56
57.52
70.72
57.52
56.56
70.72
57.52
56.56
70.72
57.52
70.72
57.52
56.56
57.52
56.56
70.72
56.56
57.52
56.56
57.52
70.72
57.52
56.56
57.52
56.56
57.52
56.56
57.52
70.72
57.52
56.56
70.72
57.52
56.56
57.52
56.56
57.52
56.56
70.72
57.52
70.14
55.85
57.62
70.14
57.62
52.73
70.14
52.73
72.07
57.62
72.07
54.28
70.14
57.62
54.28
55.85
72.07
57.62
52.73
55.85
54.28
55.85
72.07
57.62
52.73
54.28
70.14
54.28
55.85
54.28
70.14
55.85
72.07
52.73
54.28
57.62
52.73
72.07
70.14
55.85
70.14
52.73
57.62
52.73
55.85
70.14
57.62
70.14
72.07
57.62
72.07
70.14
72.07
70.14
54.28
72.07
52.73
55.85
52.73
55.85
54.28
55.85
57.62
52.73
54.28
72.07
57.62
55.85
52.73
72.07
52.73
72.07
52.73
57.62
55.85
54.28
72.07
57.62
54.28
70.14
52.73
54.28
55.85
72.07
57.62
52.73
54.28
70.14
57.62
54.28
57.62
55.85
72.07
55.85
57.62
55.85
70.14
57.62
54.28
70.14
54.28
52.73
55.85
70.14
54.28
70.14
52.73
55.85
72.07
54.28
52.73
72.07
54.28
70.14
52.73
70.14
57.62
52.73
54.28
52.73
72.07
52.73
70.14
55.85
70.14
55.85
54.28
55.85
54.28
57.62
54.28
70.14
54.28
52.73
70.14
57.62
72.07
70.14
55.85
57.62
52.73
72.07
57.62
52.73
55.85
70.14
52.73
68.03
67.83
71.45
68.03
71.45
67.83
68.03
67.83
71.45
67.83
68.07
68.03
71.45
68.07
67.83
71.45
67.83
68.07
67.83
68.03
71.45
68.07
67.83
68.07
67.83
68.07
67.83
68.03
67.83
68.07
71.45
67.83
68.03
67.83
68.03
67.83
71.45
68.07
67.83
68.03
71.45
68.03
67.83
71.45
67.83
68.03
67.83
68.03
68.07
67.83
68.07
67.83
68.07
67.83
71.45
67.83
68.07
67.83
71.45
67.83
68.07
67.83
71.45
67.83
68.07
67.83
71.45
68.07
68.03
68.07
67.83
71.45
67.83
68.07
68.03
71.45
68.07
71.45
67.83
71.45
68.07
71.45
67.83
71.45
68.07
68.03
68.07
67.83
68.03
68.07
68.03
67.83
68.07
67.83
68.07
68.03
67.83
68.07
67.83
68.03
71.45
67.83
68.07
68.03
68.07
67.83
68.03
67.83
68.03
67.83
68.07
67.83
68.07
68.03
71.45
68.07
68.03
68.07
67.83
68.03
68.07
71.45
67.83
68.03
67.83
71.45
67.83
71.45
67.83
68.03
67.83
75.77
68.34
75.77
68.34
75.77
68.34
75.77
68.34
75.77
68.34
75.77
68.34
75.77
68.34
75.77
68.34
75.77
68.34
75.77
68.34
75.77
68.34
75.77
68.34
75.77
68.34
75.77
68.34
75.77
68.34
75.77
68.34
75.77
68.34
75.77
68.34
75.77
68.34
75.77
68.34
75.77
68.34
75.77
68.34
75.77
68.34
75.77
68.34
75.77
68.34
75.77
68.34
75.77
68.34
75.77
68.34
75.77
68.34
75.77
68.34
75.77
68.34
75.77
68.34
75.77
68.34
75.77
68.34
75.77
68.34
75.77
68.34
75.77
68.34
75.77
68.34
71.85
65.88
71.85
65.88
79.01
71.85
79.01
65.88
79.01
65.88
71.85
65.88
71.85
79.01
65.88
79.01
71.85
65.88
79.01
71.85
65.88
71.85
65.88
71.85
65.88
71.85
79.01
71.85
65.88
79.01
71.85
79.01
65.88
79.01
71.85
65.88
71.85
79.01
65.88
79.01
71.85
79.01
71.85
65.88
79.01
65.88
71.85
79.01
71.85
65.88
71.85
65.88
79.01
65.88
79.01
65.88
71.85
79.01
65.88
71.85
65.88
79.01
65.88
71.85
79.01
65.88
71.85
79.01
65.88
79.01
65.88
71.85
65.88
71.85
79.01
71.85
65.88
71.85
65.88
71.85
65.88
79.01
71.85
65.88
71.85
79.01
71.85
79.01
65.88
79.01
65.88
71.85
79.01
71.85
79.01
71.85
65.88
79.01
65.88
71.85
79.01
71.85
65.88
71.85
65.88
71.85
65.88
71.85
65.88
79.01
71.85
65.88
79.01
71.85
65.88
79.01
65.88
79.01
71.85
79.01
73.80
74.29
58.56
73.80
58.56
73.80
58.56
73.80
74.29
73.80
58.56
73.80
58.56
73.80
74.29
58.56
74.29
73.80
58.56
73.80
58.56
73.80
58.56
73.80
74.29
58.56
73.80
74.29
73.80
58.56
73.80
74.29
58.56
74.29
58.56
74.29
73.80
58.56
73.80
74.29
73.80
58.56
73.80
74.29
73.80
58.56
73.80
74.29
58.56
73.80
58.56
73.80
74.29
58.56
73.80
74.29
73.80
74.29
73.80
58.56
73.80
58.56
73.80
58.56
73.80
74.29
58.56
73.80
74.29
58.56
74.29
63.57
61.03
63.57
61.03
57.40
71.02
61.03
71.02
57.40
74.39
61.03
74.39
63.57
71.02
61.03
57.40
63.57
74.39
63.57
71.02
61.03
74.39
63.57
74.39
63.57
74.39
63.57
71.02
74.39
61.03
57.40
71.02
63.57
57.40
61.03
74.39
63.57
61.03
71.02
61.03
71.02
74.39
57.40
74.39
63.57
57.40
63.57
74.39
63.57
61.03
57.40
74.39
71.02
61.03
63.57
57.40
71.02
74.39
71.02
57.40
61.03
63.57
74.39
71.02
61.03
74.39
63.57
71.02
61.03
57.40
74.39
63.57
61.03
74.39
61.03
63.57
71.02
63.57
61.03
63.57
61.03
74.39
63.57
74.39
57.40
63.57
74.39
57.40
63.57
71.02
74.39
57.40
71.02
74.39
63.57
57.40
74.39
57.40
61.03
57.40
74.39
57.40
63.57
74.39
63.57
61.03
74.39
57.40
63.57
61.03
57.40
63.57
61.03
57.40
71.02
61.03
57.40
63.57
57.40
75.43
75.04
67.22
75.43
67.22
75.04
75.43
67.22
75.43
75.04
75.43
67.22
75.43
75.04
75.43
67.22
75.43
67.22
75.04
75.43
75.04
67.22
75.04
75.43
75.04
75.43
67.22
75.43
67.22
75.04
67.22
75.04
75.43
75.04
75.43
67.22
75.43
75.04
67.22
75.04
67.22
75.04
75.43
67.22
75.43
75.04
75.43
67.22
75.43
75.04
75.43
67.22
75.04
75.43
75.04
67.22
75.43
75.04
67.22
75.43
75.04
67.22
75.43
75.04
75.43
75.04
75.43
75.04
67.22
75.43
75.04
75.43
75.04
75.43
75.04
67.22
75.43
75.04
67.22
75.04
76.16
56.19
63.72
76.16
63.72
56.19
63.72
56.19
63.72
76.16
63.72
76.16
63.72
56.19
63.72
76.16
63.72
76.16
63.72
76.16
63.72
56.19
63.72
76.16
63.72
56.19
63.72
76.16
56.19
76.16
63.72
76.16
63.72
56.19
63.72
76.16
63.72
76.16
56.19
63.72
76.16
63.72
76.16
63.72
76.16
63.72
76.16
56.19
63.72
76.16
63.72
56.19
63.72
56.19
63.72
76.16
56.19
63.72
76.16
63.72
56.19
76.16
63.72
56.19
63.72
76.16
63.72
76.16
63.72
76.16
63.72
56.19
63.72
76.16
63.72
56.19
63.72
76.16
63.72
76.16
63.72
76.16
63.72
56.19
63.72
76.16
63.72
76.16
63.72
76.16
63.72
56.19
63.72
76.16
56.19
63.72
76.56
73.21
76.56
73.21
87.85
81.95
73.21
81.95
87.85
73.21
76.56
73.21
81.95
73.21
87.85
76.56
73.21
81.95
73.21
76.56
73.21
76.56
73.21
76.56
81.95
73.21
81.95
76.56
73.21
76.56
73.21
76.56
81.95
73.21
81.95
76.56
73.21
87.85
73.21
76.56
73.21
87.85
76.56
73.21
76.56
73.21
81.95
73.21
76.56
87.85
81.95
73.21
81.95
73.21
76.56
73.21
81.95
73.21
76.56
73.21
76.56
81.95
73.21
76.56
73.21
81.95
76.56
87.85
76.56
73.21
76.56
73.21
76.56
73.21
76.56
81.95
73.21
76.56
87.85
76.56
81.95
73.21
87.85
81.95
73.21
76.56
87.85
73.21
87.85
76.56
73.21
87.85
76.56
81.95
73.21
76.56
73.21
76.56
73.21
87.85
76.56
73.21
87.85
76.56
73.21
81.95
73.21
76.56
73.21
70.76
57.85
72.78
57.85
72.78
70.76
72.78
64.64
72.78
64.64
72.78
70.76
72.78
64.64
72.78
57.85
72.78
64.64
72.78
57.85
72.78
57.85
72.78
57.85
64.64
72.78
64.64
70.76
57.85
70.76
72.78
57.85
70.76
72.78
70.76
64.64
72.78
64.64
70.76
72.78
64.64
72.78
57.85
72.78
57.85
72.78
64.64
72.78
57.85
72.78
64.64
72.78
64.64
72.78
57.85
72.78
64.64
72.78
70.76
72.78
64.64
72.78
57.85
72.78
64.64
57.85
72.78
57.85
72.78
70.76
57.85
72.78
64.64
70.76
72.78
70.76
72.78
57.85
64.64
72.78
64.64
72.78
57.85
72.78
70.76
72.78
70.76
57.85
70.76
64.64
72.78
57.85
72.78
70.76
72.78
70.76
72.78
70.76
57.85
72.78
64.64
72.78
64.64
57.85
72.78
67.43
69.06
67.43
69.06
100.18
69.06
100.18
73.40
69.06
73.40
67.43
100.18
69.06
100.18
67.43
73.40
67.43
100.18
69.06
73.40
69.06
67.43
73.40
67.43
73.40
67.43
100.18
73.40
69.06
73.40
67.43
73.40
69.06
73.40
67.43
69.06
100.18
69.06
100.18
73.40
100.18
73.40
67.43
73.40
100.18
67.43
69.06
67.43
69.06
73.40
100.18
69.06
67.43
100.18
73.40
100.18
69.06
67.43
69.06
100.18
69.06
73.40
67.43
100.18
69.06
73.40
69.06
67.43
69.06
67.43
100.18
67.43
69.06
67.43
69.06
67.43
73.40
67.43
73.40
100.18
67.43
100.18
73.40
100.18
73.40
67.43
100.18
73.40
100.18
69.06
73.40
100.18
67.43
73.40
67.43
69.06
67.43
69.06
100.18
67.43
69.06
100.18
67.43
69.06
73.40
67.43
69.06
73.40
67.43
73.40
80.37
77.13
79.11
80.37
77.13
80.37
73.03
77.13
73.03
80.37
77.13
79.11
71.75
73.03
80.37
73.03
80.37
73.03
80.37
73.03
77.13
79.11
80.37
71.75
79.11
77.13
73.03
71.75
73.03
80.37
73.03
77.13
80.37
73.03
80.37
79.11
73.03
80.37
79.11
80.37
73.03
71.75
77.13
79.11
73.03
80.37
77.13
80.37
79.11
80.37
73.03
79.11
80.37
79.11
77.13
73.03
80.37
73.03
80.37
73.03
80.37
77.13
79.11
73.03
77.13
73.03
77.13
80.37
71.75
73.03
80.37
71.75
77.13
73.03
79.11
80.37
73.03
79.11
71.75
80.37
73.03
79.11
80.37
73.03
79.11
73.03
79.11
77.13
73.03
79.11
73.03
80.37
79.11
80.37
73.03
71.75
73.03
77.13
73.03
79.11
73.03
79.11
80.37
77.13
79.11
80.37
77.13
79.11
80.37
79.11
60.10
67.04
65.81
67.04
72.09
67.04
72.09
65.81
67.04
65.81
72.09
65.81
67.04
65.81
60.10
72.09
60.10
67.04
72.09
65.81
72.09
65.81
60.10
72.09
65.81
67.04
72.09
60.10
72.09
60.10
72.09
65.81
72.09
65.81
72.09
65.81
60.10
65.81
60.10
67.04
72.09
65.81
67.04
65.81
67.04
72.09
67.04
72.09
65.81
67.04
60.10
67.04
72.09
67.04
60.10
65.81
72.09
60.10
72.09
65.81
67.04
60.10
65.81
60.10
67.04
72.09
60.10
65.81
72.09
65.81
72.09
65.81
60.10
65.81
60.10
67.04
72.09
65.81
60.10
72.09
65.81
72.09
65.81
72.09
65.81
60.10
72.09
65.81
60.10
72.09
60.10
65.81
72.09
67.04
72.09
65.81
60.10
72.09
65.81
72.09
67.04
72.09
67.04
72.09
65.81
60.10
72.09
60.10
65.81
72.09
60.10
72.09
67.04
65.81
72.09
60.10
65.81
67.04
72.09
60.10
67.04
65.81
72.09
60.10
65.81
72.09
65.81
60.10
72.09
67.04
65.81
67.04
72.09
67.04
60.10
72.09
65.81
67.04
65.81
67.04
65.81
72.09
60.10
65.81
72.09
67.04
72.09
67.04
72.09
65.81
67.04
72.09
65.81
67.04
65.81
72.09
65.81
72.09
67.04
72.09
65.81
67.04
72.09
72.44
60.78
71.23
73.26
60.78
73.26
69.01
60.78
69.01
73.26
71.23
69.01
73.26
60.78
73.26
71.23
69.01
73.26
69.01
71.23
73.26
71.23
69.01
73.26
60.78
73.26
71.23
73.26
71.23
60.78
71.23
69.01
73.26
69.01
71.23
60.78
71.23
60.78
69.01
73.26
69.01
71.23
60.78
73.26
60.78
71.23
73.26
69.01
60.78
69.01
60.78
73.26
69.01
71.23
69.01
71.23
73.26
71.23
73.26
69.01
73.26
69.01
73.26
71.23
69.01
71.23
69.01
73.26
71.23
73.26
69.01
73.26
60.78
69.01
73.26
71.23
73.26
69.01
73.26
60.78
73.26
71.23
69.01
71.23
73.26
71.23
73.26
60.78
73.26
69.01
71.23
60.78
73.26
60.78
69.01
71.23
73.26
69.01
71.23
73.26
60.78
69.01
60.78
73.26
69.01
73.26
60.78
69.01
60.78
71.23
60.78
71.23
73.26
71.23
73.26
60.78
73.26
69.01
60.78
73.26
69.01
60.78
71.23
73.26
69.01
71.23
73.26
69.01
71.23
60.78
69.01
62.03
57.13
62.03
57.13
80.23
66.72
67.91
57.13
78.69
66.72
57.13
67.46
67.91
57.13
80.23
62.03
57.13
78.69
67.91
57.13
80.23
57.13
62.03
57.13
67.46
62.03
57.13
62.03
67.46
78.69
80.23
57.13
80.23
78.69
62.03
80.23
57.13
80.23
62.03
57.13
78.69
57.13
67.91
80.23
67.91
66.72
80.23
67.46
80.23
66.72
62.03
57.13
62.03
57.13
80.23
57.13
67.91
57.13
62.03
80.23
78.69
80.23
67.91
80.23
57.13
62.03
57.13
67.91
57.13
80.23
57.13
67.46
78.69
67.91
57.13
80.23
57.13
62.03
57.13
78.69
67.46
67.91
62.03
57.13
62.03
57.13
62.03
57.13
80.23
67.46
57.13
66.72
62.03
67.46
67.91
57.13
80.23
78.69
57.13
62.03
66.72
80.23
57.13
80.23
57.13
80.23
66.72
67.46
62.03
78.69
57.13
62.03
57.13
62.03
57.13
66.72
62.03
57.13
66.72
62.03
57.13
80.23
78.69
57.13
80.23
67.46
62.03
80.23
55.47
67.67
55.47
62.68
67.67
62.68
78.79
55.47
78.79
62.68
67.67
55.47
78.79
62.68
55.47
62.68
67.67
78.79
62.68
78.79
67.67
62.68
67.67
78.79
55.47
62.68
67.67
62.68
67.67
62.68
67.67
55.47
62.68
78.79
67.67
55.47
67.67
55.47
78.79
62.68
78.79
67.67
55.47
62.68
55.47
67.67
62.68
78.79
55.47
78.79
55.47
62.68
78.79
62.68
67.67
78.79
67.67
62.68
67.67
62.68
78.79
62.68
78.79
62.68
67.67
78.79
67.67
78.79
62.68
67.67
62.68
78.79
62.68
55.47
78.79
62.68
67.67
78.79
62.68
78.79
62.68
67.67
62.68
55.47
62.68
55.47
62.68
67.67
78.79
67.67
62.68
67.67
62.68
55.47
67.67
62.68
78.79
67.67
55.47
62.68
55.47
78.79
67.67
78.79
62.68
78.79
62.68
67.67
78.79
55.47
78.79
55.47
62.68
78.79
62.68
55.47
78.79
55.47
67.67
55.47
67.67
62.68
67.67
62.68
55.47
62.68
55.47
62.68
78.79
55.47
62.68
78.79
55.47
67.67
62.68
78.79
67.67
62.68
78.79
67.67
55.47
78.79
81.39
65.43
65.49
98.31
56.55
108.92
63.19
84.37
65.49
51.80
63.19
89.91
81.39
65.49
110.06
76.27
100.98
65.49
100.98
101.40
110.06
51.80
100.98
79.95
137.17
52.97
101.40
110.06
65.43
89.91
101.40
65.43
51.80
137.17
106.67
65.49
108.92
51.80
81.39
101.40
98.31
101.40
98.31
89.26
56.55
137.17
101.40
81.39
79.95
81.39
51.80
79.95
56.55
100.98
81.39
110.06
84.37
63.19
137.17
65.43
96.73
100.98
65.43
52.97
101.40
56.55
108.92
96.73
110.06
100.98
65.49
65.43
100.98
51.80
89.26
84.37
108.92
65.49
79.95
101.40
52.97
100.98
79.95
106.67
81.39
137.17
110.06
76.27
100.98
65.49
96.73
52.97
101.40
65.49
52.97
79.95
56.55
76.27
84.37
101.40
79.95
106.67
79.95
65.43
101.40
65.49
79.95
52.97
81.39
98.31
89.91
137.17
89.26
65.43
76.27
89.91
81.39
63.19
101.40
76.27
100.98
89.91
100.98
51.80
89.91
101.40
100.98
137.17
100.98
81.39
65.49
56.55
96.73
89.26
110.06
137.17
84.37
100.98
81.39
65.43
98.31
76.27
110.06
101.40
106.67
65.49
89.91
98.31
89.91
63.19
98.31
106.67
79.95
63.19
81.39
65.43
65.49
96.73
51.80
65.49
96.73
76.27
98.31
96.73
66.84
82.23
134.76
82.23
76.67
105.26
82.23
68.61
76.67
82.23
68.61
105.26
82.23
76.67
101.75
82.23
68.61
105.26
82.23
76.67
82.23
101.75
76.67
66.84
82.23
101.75
68.61
105.26
76.67
82.23
76.67
68.61
101.75
134.76
101.75
71.65
76.67
82.23
76.67
101.75
82.23
71.65
68.61
82.23
105.26
106.78
76.67
105.26
76.67
68.61
76.67
66.84
82.23
66.84
82.23
76.67
105.26
82.23
66.84
76.67
68.61
76.67
105.26
76.67
82.23
66.84
82.23
105.26
82.23
76.67
82.23
68.61
105.26
82.23
76.67
82.23
101.75
82.23
68.61
105.26
101.75
82.23
66.84
101.75
82.23
134.76
82.23
76.67
68.61
82.23
106.78
76.67
101.75
68.61
105.26
82.23
76.67
105.26
82.23
134.76
76.67
106.78
82.23
76.67
82.23
76.67
105.26
76.67
71.65
66.84
71.65
68.61
76.67
101.75
82.23
71.65
82.23
76.67
134.76
82.23
76.67
106.78
66.84
82.23
76.67
68.61
82.23
76.67
68.61
134.76
76.67
83.42
71.66
67.98
127.64
87.07
79.06
55.78
48.80
93.86
55.78
91.39
53.21
71.66
91.39
93.86
55.78
79.37
87.07
67.28
91.39
93.86
55.78
127.64
72.86
94.65
67.28
72.86
108.10
83.42
79.65
67.28
108.10
79.97
72.86
94.65
48.80
87.07
93.86
53.21
67.28
67.98
67.28
67.98
87.07
79.37
72.86
67.28
53.21
94.65
53.21
93.86
94.65
79.37
127.64
79.97
55.78
53.21
72.86
55.78
79.06
72.86
108.10
87.07
79.06
83.42
79.65
67.28
127.64
87.07
72.86
55.78
48.80
83.42
87.07
79.97
87.07
55.78
87.07
48.80
94.65
83.42
79.65
79.97
94.65
53.21
72.86
91.39
108.10
93.86
79.97
79.37
87.07
79.65
67.28
71.66
79.65
127.64
93.86
108.10
55.78
67.28
127.64
94.65
83.42
67.28
79.37
94.65
67.98
79.65
72.86
87.07
108.10
91.39
53.21
79.06
67.28
93.86
79.97
91.39
79.06
79.97
91.39
67.98
79.06
87.07
79.06
53.21
79.37
127.64
87.07
91.39
72.86
55.78
79.06
53.21
108.10
67.98
93.86
72.86
67.28
94.65
71.66
79.65
67.98
79.65
79.06
67.98
94.65
55.78
53.21
83.42
71.66
87.07
93.86
48.80
87.07
108.10
67.98
87.07
67.23
55.68
69.66
65.42
138.70
65.42
67.46
63.38
67.23
60.46
157.19
65.42
61.73
69.66
63.38
73.25
67.23
65.42
73.25
98.27
157.19
65.42
67.46
55.68
73.25
61.73
157.19
133.71
66.71
73.25
66.71
79.67
73.25
112.88
55.68
73.25
79.67
112.88
61.73
133.71
73.25
66.71
65.42
67.46
61.73
93.95
138.70
79.67
93.95
77.82
65.42
77.82
79.67
93.95
66.71
93.95
61.73
66.71
65.42
157.19
133.71
157.19
93.95
73.25
63.38
73.25
112.88
77.82
60.46
55.68
73.25
55.68
65.42
67.46
73.25
157.19
65.42
55.68
60.46
61.73
77.82
157.19
67.46
65.42
66.71
55.68
73.25
157.19
66.71
67.23
77.82
73.25
112.88
98.27
157.19
65.42
67.46
73.25
138.70
65.42
69.66
73.25
66.71
65.42
61.73
98.27
63.38
79.67
66.71
55.68
79.67
65.42
66.71
73.25
67.23
138.70
73.25
77.82
112.88
98.27
67.23
73.25
93.95
63.38
79.67
98.27
157.19
73.25
60.46
61.73
73.25
138.70
60.46
77.82
133.71
60.46
93.95
65.42
77.82
73.25
133.71
77.82
63.38
60.46
93.95
112.88
93.95
98.27
73.25
55.68
66.71
133.71
69.66
65.42
73.25
138.70
73.25
63.38
138.70
66.71
63.38
93.95
112.88
65.42
67.46
61.73
65.42
67.46
112.88
138.70
69.66
77.82
87.02
92.14
54.47
56.96
134.76
88.42
72.03
82.03
87.02
82.03
74.02
56.96
66.23
74.02
75.22
87.02
56.96
75.22
75.76
74.02
56.96
82.03
76.22
75.22
95.84
74.02
54.47
88.42
69.66
64.26
127.03
69.66
92.14
76.22
75.22
127.03
60.92
75.76
66.23
54.47
69.66
64.26
56.96
72.03
95.84
87.02
60.92
127.03
134.76
59.50
56.96
69.66
127.03
66.82
88.42
134.76
95.84
64.26
56.96
88.42
66.23
87.02
66.23
66.82
69.66
74.02
69.66
92.14
59.50
82.03
92.14
75.22
76.22
56.96
72.03
69.66
74.02
56.96
76.22
82.03
66.23
59.50
74.02
72.03
56.96
64.26
76.22
64.26
66.23
88.42
64.26
87.02
69.66
75.22
75.76
95.84
66.23
56.96
72.03
64.26
60.92
56.96
64.26
88.42
95.84
75.76
74.02
127.03
88.42
64.26
92.14
127.03
56.96
88.42
64.26
87.02
60.92
75.22
69.66
59.50
75.76
87.02
75.22
66.82
82.03
127.03
75.76
66.23
75.22
82.03
66.23
75.22
60.92
82.03
69.66
54.47
82.03
66.82
56.96
88.42
59.50
69.66
54.47
69.66
74.02
82.03
134.76
92.14
134.76
95.84
69.66
76.22
64.26
54.47
56.96
75.22
134.76
75.22
82.03
134.76
64.26
74.02
66.82
92.14
56.96
59.50
95.84
56.96
59.50
75.76
60.92
54.47
59.50
76.67
143.19
76.67
60.83
61.76
77.49
63.98
77.49
81.92
76.67
143.19
81.92
63.38
77.49
143.19
61.76
76.67
81.92
63.38
77.49
60.83
55.57
105.92
76.67
81.92
76.67
inf
76.67
77.49
55.57
71.78
63.98
61.76
63.38
76.67
45.12
60.83
89.12
76.67
71.78
76.67
77.49
71.78
60.83
77.49
76.67
55.57
77.49
55.57
76.67
81.23
77.49
76.67
105.92
76.67
60.83
61.76
81.23
55.57
77.49
63.98
76.67
61.76
77.49
89.12
45.12
77.49
61.76
63.98
71.78
76.67
105.92
77.49
60.83
71.78
89.12
81.92
76.67
63.38
77.49
143.19
81.23
105.92
76.67
63.98
105.92
60.83
63.38
76.67
77.49
76.67
60.83
71.78
76.67
143.19
60.83
105.92
76.67
inf
55.57
45.12
76.67
81.92
76.67
77.49
76.67
63.38
77.49
81.92
77.49
81.92
76.67
77.49
89.12
77.49
76.67
60.83
81.23
89.12
81.92
55.57
77.49
76.67
63.38
55.57
76.67
105.92
143.19
inf
76.67
inf
77.49
76.67
71.78
77.49
76.67
143.19
81.23
63.38
63.98
81.23
76.67
45.12
68.67
76.53
93.86
56.85
62.49
133.18
124.44
92.48
104.61
129.54
71.28
76.53
71.28
103.06
124.44
76.53
62.49
71.39
71.28
52.41
124.44
59.38
67.98
59.38
133.71
67.98
103.06
68.67
71.28
133.71
103.06
104.61
67.98
59.38
92.48
94.43
52.41
94.48
93.86
133.71
83.16
56.85
83.16
71.39
59.38
52.41
59.38
56.85
104.61
124.44
67.98
129.54
67.98
103.06
94.43
62.49
68.67
71.28
71.39
56.85
94.43
67.98
124.44
92.48
68.67
62.49
104.61
83.16
124.44
62.49
92.48
59.38
71.39
59.38
104.61
59.38
83.16
71.28
103.06
104.61
56.85
94.43
59.38
94.48
76.53
71.28
56.85
52.41
103.06
129.54
71.39
59.38
68.67
133.71
76.53
59.38
94.48
71.28
83.16
103.06
71.28
129.54
71.39
103.06
104.61
71.28
62.49
104.61
71.28
94.48
62.49
83.16
62.49
56.85
94.43
83.16
67.98
83.16
129.54
62.49
68.67
103.06
67.98
71.39
59.38
76.53
71.28
133.18
93.86
59.38
129.54
68.67
76.53
94.43
52.41
76.53
94.43
103.06
94.48
83.16
88.43
72.22
77.52
65.30
88.43
65.30
97.85
88.43
97.85
88.67
65.30
88.67
77.52
88.67
86.06
88.43
65.30
86.06
72.22
88.67
65.30
97.85
88.43
86.06
88.67
77.52
65.30
118.45
86.06
88.43
86.06
72.22
86.06
88.43
72.22
88.67
77.52
118.45
86.06
65.30
97.85
88.67
88.43
118.45
65.30
118.45
88.43
86.06
88.43
88.67
86.06
65.30
88.67
88.43
88.67
88.43
86.06
88.67
118.45
72.22
97.85
72.22
77.52
86.06
88.43
65.30
97.85
86.06
88.67
65.30
72.22
97.85
88.67
118.45
88.67
97.85
65.30
86.06
72.22
86.06
88.67
65.30
86.06
88.43
118.45
86.06
72.22
88.67
65.30
97.85
86.06
88.43
65.30
77.52
86.06
65.30
77.52
65.30
88.67
72.22
88.67
88.43
65.30
86.06
72.22
88.43
65.30
86.06
88.43
86.06
118.45
72.22
77.52
88.43
86.06
88.43
88.67
88.43
72.22
88.67
86.06
97.85
88.67
86.06
88.43
97.85
118.45
77.52
97.85
88.43
65.30
97.85
118.45
86.06
88.43
118.45
88.67
97.85
88.43
72.22
88.43
72.22
86.06
88.43
86.06
77.52
65.30
86.06
88.43
86.06
97.85
88.43
86.06
88.67
88.43
72.22
65.30
97.85
88.67
65.30
77.52
97.85
72.22
88.43
77.52
118.45
95.51
80.46
119.18
80.46
85.29
83.09
80.46
83.09
85.29
72.85
80.46
72.85
83.09
80.46
85.29
95.51
72.85
83.09
80.46
72.85
74.52
84.80
72.85
95.51
74.28
84.80
83.09
72.85
74.52
80.46
85.29
83.09
84.80
119.18
84.80
119.18
62.10
80.46
72.85
84.80
80.46
83.09
80.46
83.09
72.85
83.09
85.29
72.85
83.09
62.10
85.29
95.51
74.28
95.51
80.46
85.29
72.85
83.09
80.46
95.51
85.29
83.09
72.85
83.09
85.29
80.46
74.52
95.51
74.28
83.09
80.46
74.52
72.85
83.09
80.46
62.10
74.28
84.80
80.46
74.28
80.46
83.09
84.80
80.46
74.52
80.46
95.51
84.80
80.46
74.28
84.80
74.28
72.85
62.10
83.09
72.85
85.29
84.80
83.09
72.85
85.29
83.09
72.85
84.80
85.29
72.85
85.29
80.46
62.10
72.85
83.09
85.29
95.51
83.09
72.85
95.51
74.52
80.46
74.28
119.18
74.28
85.29
119.18
74.52
80.46
85.29
95.51
80.46
62.10
83.09
80.46
62.10
83.09
84.80
62.10
79.13
71.07
94.30
79.13
94.30
112.89
79.13
112.89
94.30
79.13
71.07
112.89
94.30
79.13
112.89
79.13
112.89
94.30
71.07
79.13
71.07
79.13
71.07
79.13
94.30
112.89
94.30
71.07
79.13
71.07
112.89
94.30
79.13
71.07
94.30
71.07
94.30
71.07
79.13
94.30
79.13
71.07
112.89
94.30
79.13
71.07
79.13
94.30
79.13
112.89
71.07
112.89
71.07
94.30
112.89
71.07
94.30
112.89
71.07
79.13
71.07
112.89
71.07
94.30
71.07
112.89
79.13
112.89
71.07
79.13
94.30
79.13
71.07
79.13
71.07
79.28
79.43
84.15
79.28
83.91
84.15
74.48
79.28
74.48
83.91
84.15
79.28
84.15
74.48
83.91
84.15
79.43
74.48
79.43
74.48
83.91
74.48
79.43
79.28
84.15
83.91
99.47
79.28
74.48
79.43
83.91
79.43
79.28
79.43
83.91
74.48
84.15
74.48
99.47
84.15
74.48
79.28
84.15
74.48
84.15
79.28
84.15
83.91
99.47
84.15
79.28
79.43
83.91
79.43
74.48
83.91
79.28
84.15
79.43
79.28
74.48
79.43
79.28
83.91
84.15
79.43
79.28
79.43
74.48
99.47
74.48
84.15
83.91
74.48
84.15
83.91
74.48
84.15
74.48
84.15
79.28
79.43
99.47
74.48
84.15
83.91
74.48
79.43
79.28
74.48
84.15
79.43
84.15
79.28
99.47
83.91
79.28
99.47
82.98
76.18
61.06
76.18
61.06
70.82
76.18
70.82
82.98
61.06
76.18
61.06
70.82
82.98
61.06
76.18
70.82
75.33
70.82
82.98
70.82
82.98
61.06
70.82
75.33
76.18
70.82
61.06
70.82
76.18
70.82
75.33
61.06
75.33
76.18
61.06
70.82
61.06
70.82
82.98
70.82
61.06
82.98
75.33
76.18
61.06
70.82
61.06
76.18
82.98
61.06
70.82
61.06
76.18
75.33
61.06
75.33
70.82
82.98
61.06
76.18
70.82
75.33
76.18
75.33
76.18
82.98
61.06
75.33
82.98
76.18
75.33
70.82
82.98
70.82
61.06
82.98
61.06
70.82
61.06
70.82
61.06
70.82
61.06
76.18
70.82
61.06
82.98
70.82
75.33
76.18
75.33
61.06
75.33
61.06
82.98
76.18
70.82
61.06
76.18
70.82
82.98
70.82
85.43
77.78
65.68
77.74
77.78
77.74
65.68
77.78
65.68
85.43
77.74
77.78
65.68
67.11
65.68
85.43
77.74
77.78
65.68
104.68
65.68
85.43
65.68
85.43
77.74
65.68
104.68
77.78
65.68
77.74
65.68
77.78
65.68
67.11
104.68
77.74
104.68
77.78
77.74
65.68
77.74
65.68
85.43
65.68
85.43
65.68
67.11
77.78
65.68
77.74
77.78
85.43
65.68
77.74
65.68
77.74
65.68
77.78
104.68
85.43
65.68
77.74
104.68
65.68
85.43
77.74
77.78
65.68
77.78
65.68
77.78
85.43
77.74
67.11
77.78
104.68
85.43
77.78
104.68
65.68
85.43
65.68
77.74
67.11
85.43
77.74
65.68
77.74
65.68
77.78
65.68
77.74
85.43
65.68
67.11
104.68
77.78
65.68
77.74
104.68
77.74
85.43
77.78
65.68
77.74
77.78
65.68
85.43
65.68
63.53
69.70
76.19
63.53
76.19
69.10
63.53
69.10
76.19
63.53
69.70
69.10
76.19
63.53
69.10
75.25
69.10
76.19
69.10
75.25
63.53
69.70
69.10
63.53
69.10
75.25
63.53
76.19
69.10
76.19
69.10
69.70
75.25
63.53
69.70
69.10
76.19
63.53
69.70
76.19
69.10
76.19
69.70
63.53
75.25
76.19
75.25
69.10
76.19
63.53
69.70
75.25
63.53
75.25
63.53
76.19
75.25
63.53
75.25
69.10
76.19
69.10
69.70
76.19
69.10
69.70
69.10
69.70
63.53
69.70
69.10
76.19
69.70
69.10
75.25
63.53
75.25
76.19
75.25
76.19
63.53
69.70
63.53
69.70
69.10
79.78
63.26
82.88
80.30
63.26
80.30
68.99
63.26
68.99
63.91
80.30
63.26
82.88
68.99
63.91
80.30
63.26
68.99
69.18
68.99
79.78
68.99
79.78
80.30
68.99
69.18
63.26
82.88
63.91
82.88
63.26
68.99
63.26
80.30
69.18
63.26
80.30
68.99
80.30
68.99
79.78
82.88
79.78
68.99
63.26
82.88
68.99
80.30
63.26
79.78
82.88
80.30
82.88
80.30
82.88
63.26
69.18
79.78
69.18
80.30
63.26
69.18
68.99
79.78
63.91
80.30
63.26
82.88
69.18
63.26
68.99
63.26
63.91
80.30
63.26
69.18
79.78
63.26
69.18
68.99
82.88
79.78
63.91
68.99
80.30
63.91
80.30
68.99
82.88
80.30
68.99
82.88
63.26
82.88
68.99
80.30
79.78
63.91
68.99
69.18
63.26
68.99
80.30
69.18
63.26
80.30
79.78
63.26
82.88
63.91
63.26
82.88
79.78
82.88
70.68
68.89
74.85
70.68
68.89
70.68
63.15
68.89
74.85
70.68
68.89
74.85
70.68
68.89
74.85
63.15
74.85
70.68
63.15
70.68
74.85
63.15
68.89
74.85
70.68
74.85
68.89
74.85
68.89
70.68
68.89
70.68
74.85
70.68
74.85
70.68
74.85
70.68
63.15
68.89
74.85
70.68
68.89
74.85
70.68
74.85
70.68
74.85
68.89
63.15
70.68
68.89
63.15
74.85
70.68
68.89
74.85
63.15
68.89
63.15
68.89
70.68
68.89
63.15
74.85
70.68
63.15
74.85
70.68
63.15
74.85
70.68
74.85
68.89
74.85
70.68
74.85
70.68
74.85
63.15
68.89
63.15
74.85
68.89
70.68
68.89
74.85
70.68
68.89
74.85
70.68
74.85
71.65
84.25
71.65
84.25
71.65
84.25
71.65
84.25
71.65
84.25
71.65
84.25
71.65
84.25
71.65
84.25
71.65
84.25
71.65
84.25
71.65
84.25
71.65
84.25
71.65
84.25
71.65
84.25
71.65
84.25
71.65
84.25
71.65
84.25
71.65
84.25
71.65
84.25
71.65
84.25
71.65
84.25
71.65
84.25
71.65
84.25
71.65
84.25
71.65
84.25
71.65
84.25
71.65
84.25
71.65
77.81
65.33
60.20
77.81
65.33
77.81
65.33
77.81
65.33
60.20
77.81
65.33
77.81
65.33
77.81
65.33
77.81
65.33
60.20
77.81
60.20
65.33
60.20
77.81
65.33
77.81
65.33
77.81
65.33
77.81
65.33
77.81
60.20
77.81
65.33
77.81
65.33
60.20
65.33
77.81
65.33
77.81
60.20
77.81
60.20
77.81
60.20
65.33
77.81
65.33
77.81
65.33
60.20
65.33
77.81
65.33
60.20
65.33
77.81
65.33
77.81
65.33
60.20
77.81
65.33
60.20
77.81
65.33
60.20
77.81
65.33
60.20
65.33
60.20
65.33
60.20
77.81
60.20
77.81
65.33
77.81
65.33
60.20
65.33
77.81
65.33
60.20
77.81
65.33
60.20
77.81
60.20
71.97
77.07
79.80
71.97
79.80
77.07
71.97
77.07
79.80
71.97
77.07
79.80
77.07
79.80
77.07
71.97
77.07
79.80
77.07
71.97
77.07
79.80
77.07
71.97
79.80
77.07
79.80
77.07
79.80
77.07
71.97
77.07
79.80
71.97
79.80
77.07
79.80
77.07
71.97
77.07
79.80
77.07
79.80
71.97
77.07
71.97
77.07
71.97
79.80
77.07
71.97
77.07
79.80
77.07
79.80
77.07
79.80
77.07
79.80
77.07
79.80
71.97
77.07
79.80
77.07
71.97
77.07
79.80
77.07
79.80
71.97
77.07
79.80
71.97
77.07
73.90
68.02
92.91
68.02
73.90
68.02
73.90
68.02
92.91
68.02
73.90
68.02
92.91
68.02
73.90
92.91
68.02
92.91
73.90
68.02
73.90
92.91
68.02
92.91
68.02
73.90
68.02
73.90
68.02
73.90
68.02
92.91
68.02
92.91
68.02
73.90
68.02
92.91
68.02
73.90
68.02
92.91
68.02
73.90
68.02
92.91
68.02
92.91
68.02
92.91
68.02
73.90
68.02
92.91
73.90
68.02
92.91
68.02
73.90
92.91
73.90
68.02
92.91
68.02
92.91
68.02
92.91
68.02
73.90
68.02
73.90
68.02
73.90
92.91
68.02
64.21
84.17
64.21
66.18
84.17
64.21
84.17
66.18
84.17
64.21
84.17
66.18
84.17
64.21
84.17
64.21
84.17
66.18
64.21
66.18
84.17
64.21
84.17
66.18
84.17
64.21
84.17
64.21
66.18
64.21
84.17
66.18
84.17
64.21
84.17
64.21
84.17
66.18
84.17
64.21
84.17
64.21
84.17
66.18
84.17
64.21
84.17
64.21
66.18
84.17
64.21
84.17
66.18
64.21
84.17
66.18
84.17
64.21
84.17
64.21
84.17
64.21
84.17
66.18
84.17
64.21
84.17
64.21
84.17
66.18
64.21
84.17
66.18
64.21
84.17
66.18
84.17
72.23
69.28
72.23
69.28
58.72
72.23
58.72
69.28
72.23
69.28
58.72
69.28
72.23
58.72
69.28
58.72
72.23
58.72
69.28
58.72
72.23
58.72
69.28
58.72
72.23
69.28
58.72
69.28
58.72
69.28
58.72
72.23
69.28
58.72
69.28
72.23
69.28
58.72
69.28
72.23
58.72
69.28
58.72
69.28
72.23
58.72
72.23
58.72
72.23
69.28
58.72
72.23
58.72
69.28
58.72
69.28
58.72
69.28
58.72
69.28
58.72
69.28
72.23
58.72
69.28
58.72
72.23
58.72
69.28
58.72
69.28
72.23
58.72
69.28
72.23
58.72
69.28
58.72
74.36
75.41
74.36
75.41
72.43
75.41
74.36
72.43
75.41
74.36
72.43
75.41
72.43
74.36
75.41
74.36
72.43
75.41
72.43
75.41
74.36
72.43
74.36
75.41
74.36
72.43
75.41
72.43
74.36
72.43
75.41
72.43
74.36
75.41
74.36
75.41
72.43
74.36
72.43
74.36
75.41
74.36
75.41
72.43
75.41
74.36
72.43
74.36
72.43
75.41
74.36
75.41
72.43
75.41
72.43
75.41
74.36
72.43
75.41
72.43
75.41
74.36
75.41
74.36
72.43
74.36
75.41
74.36
75.41
74.36
75.41
72.43
74.36
75.41
72.43
74.36
72.43
75.41
72.43
75.41
74.36
72.43
74.36
75.41
72.43
75.41
72.43
74.36
72.43
74.36
75.41
74.36
75.41
72.43
74.36
75.41
72.43
74.36
75.41
72.43
74.36
75.41
72.43
74.36
72.43
57.64
81.45
57.64
81.45
81.09
69.36
81.45
69.36
81.09
81.45
81.09
69.36
81.45
81.09
57.64
81.09
69.36
81.45
81.09
81.45
57.64
81.09
69.36
57.64
81.09
57.64
69.36
81.09
81.45
81.09
69.36
57.64
81.09
81.45
81.09
57.64
81.45
69.36
81.45
69.36
81.09
69.36
81.09
69.36
81.09
57.64
81.45
57.64
81.45
81.09
69.36
81.45
57.64
81.09
69.36
81.09
69.36
81.09
81.45
57.64
81.45
69.36
81.45
81.09
69.36
81.45
81.09
81.45
57.64
81.45
69.36
57.64
81.45
57.64
81.45
57.64
81.09
69.36
81.09
57.64
69.36
81.09
69.36
81.09
57.64
81.09
81.45
81.09
69.36
81.09
69.36
81.09
57.64
81.45
57.64
81.45
81.09
57.64
81.45
69.36
81.45
81.09
69.36
81.45
81.09
69.36
57.64
81.09
75.89
66.10
68.00
66.10
75.89
68.00
61.57
66.10
61.57
75.89
68.00
66.10
68.00
75.89
61.57
75.89
68.00
66.10
61.57
75.89
61.57
75.89
68.00
61.57
66.10
68.00
75.89
68.00
66.10
68.00
75.89
66.10
75.89
66.10
68.00
61.57
68.00
61.57
75.89
68.00
75.89
61.57
75.89
66.10
68.00
61.57
68.00
66.10
75.89
68.00
66.10
75.89
61.57
68.00
66.10
61.57
68.00
61.57
75.89
68.00
66.10
68.00
61.57
66.10
61.57
66.10
75.89
68.00
75.89
66.10
61.57
66.10
75.89
66.10
61.57
68.00
75.89
61.57
68.00
75.89
68.00
61.57
68.00
61.57
68.00
66.10
68.00
61.57
68.00
75.89
61.57
75.89
61.57
66.10
61.57
68.00
61.57
66.10
68.00
75.89
66.10
68.00
75.89
66.10
68.00
75.89
68.00
68.43
72.84
63.45
68.43
63.45
74.56
68.43
74.56
78.44
63.45
78.44
74.56
63.45
68.43
63.45
74.56
72.84
78.44
63.45
74.56
72.84
63.45
72.84
78.44
68.43
63.45
74.56
63.45
72.84
74.56
72.84
63.45
72.84
78.44
68.43
74.56
63.45
74.56
78.44
68.43
72.84
68.43
72.84
68.43
74.56
63.45
74.56
72.84
68.43
63.45
68.43
78.44
63.45
78.44
68.43
78.44
68.43
74.56
78.44
74.56
72.84
74.56
72.84
63.45
72.84
63.45
74.56
78.44
63.45
72.84
74.56
78.44
74.56
78.44
74.56
63.45
72.84
63.45
78.44
63.45
68.43
74.56
72.84
78.44
63.45
74.56
63.45
72.84
63.45
72.84
78.44
72.84
63.45
72.84
63.45
68.43
63.45
74.56
72.84
68.43
63.45
68.43
74.56
72.84
78.44
63.45
74.56
78.44
63.45
72.84
74.56
68.43
74.56
68.43
63.45
74.56
68.43
74.56
68.43
72.84
68.43
72.84
74.56
72.84
63.45
68.43
63.45
68.43
63.45
74.56
68.43
63.45
74.56
68.43
72.84
63.45
74.56
72.84
63.45
74.56
72.84
68.43
74.56
75.62
82.97
75.62
82.97
75.62
82.97
75.62
82.97
75.62
82.97
75.62
82.97
75.62
82.97
75.62
82.97
75.62
82.97
75.62
82.97
75.62
82.97
75.62
82.97
75.62
82.97
75.62
82.97
75.62
82.97
75.62
82.97
75.62
82.97
75.62
82.97
75.62
82.97
75.62
82.97
75.62
82.97
75.62
82.97
75.62
82.97
75.62
82.97
75.62
82.97
77.02
93.46
77.02
93.46
77.02
93.46
77.02
93.46
77.02
93.46
77.02
93.46
77.02
93.46
77.02
93.46
77.02
93.46
77.02
93.46
77.02
93.46
77.02
93.46
77.02
93.46
77.02
93.46
77.02
93.46
77.02
93.46
77.02
93.46
77.02
93.46
77.02
93.46
77.02
93.46
77.02
93.46
77.02
93.46
77.02
75.37
82.52
75.37
78.82
82.52
77.42
75.37
77.42
78.82
75.37
82.52
77.42
78.82
75.37
77.42
75.37
77.42
78.82
77.42
75.37
77.42
78.82
77.42
75.37
77.42
75.37
78.82
75.37
78.82
77.42
82.52
77.42
82.52
77.42
75.37
82.52
77.42
78.82
75.37
82.52
78.82
77.42
82.52
75.37
78.82
75.37
77.42
78.82
75.37
77.42
75.37
77.42
75.37
78.82
82.52
75.37
77.42
82.52
78.82
77.42
82.52
78.82
77.42
82.52
77.42
82.52
75.37
77.42
82.52
78.82
77.42
75.37
77.42
82.52
75.37
82.52
75.37
77.42
78.82
75.37
77.42
74.12
83.42
70.67
83.42
70.67
83.42
74.12
70.67
83.42
74.12
83.42
74.12
70.67
83.42
74.12
83.42
74.12
70.67
83.42
70.67
74.12
83.42
74.12
83.42
70.67
83.42
70.67
83.42
70.67
83.42
74.12
83.42
70.67
74.12
83.42
74.12
83.42
70.67
83.42
74.12
83.42
70.67
83.42
70.67
83.42
74.12
83.42
70.67
83.42
74.12
70.67
83.42
74.12
70.67
74.12
83.42
74.12
83.42
74.12
83.42
70.67
74.12
70.67
83.42
70.67
83.42
70.67
74.12
83.42
74.12
83.42
70.67
83.42
70.67
74.12
83.42
74.12
83.42
74.12
83.42
82.62
75.33
82.62
75.33
82.62
75.33
82.62
75.33
82.62
75.33
82.62
75.33
82.62
75.33
82.62
75.33
82.62
75.33
82.62
75.33
82.62
75.33
82.62
75.33
82.62
75.33
82.62
75.33
82.62
75.33
82.62
75.33
82.62
75.33
82.62
75.33
82.62
53.24
76.10
73.63
53.24
73.63
71.48
73.63
76.10
71.48
73.63
53.24
73.63
76.10
73.63
71.48
76.10
73.63
76.10
73.63
53.24
73.63
76.10
73.63
53.24
76.10
73.63
71.48
76.10
53.24
71.48
73.63
53.24
73.63
53.24
76.10
73.63
76.10
53.24
73.63
71.48
73.63
76.10
71.48
76.10
73.63
76.10
73.63
71.48
73.63
76.10
73.63
76.10
71.48
76.10
73.63
71.48
73.63
76.10
73.63
76.10
73.63
53.24
73.63
76.10
73.63
71.48
73.63
53.24
73.63
76.10
71.48
53.24
73.63
76.10
53.24
73.63
53.24
73.63
71.48
76.10
73.63
53.24
71.48
76.10
73.63
71.48
76.10
73.63
53.24
71.48
73.63
71.48
53.24
73.63
71.48
73.63
71.48
53.24
76.10
53.24
76.10
73.63
76.10
73.63
53.24
73.63
71.48
53.24
73.63
71.48
53.24
76.10
73.63
71.48
76.10
73.63
71.48
76.10
53.24
71.48
66.86
76.48
66.86
76.48
66.86
76.48
66.86
76.48
66.86
76.48
66.86
76.48
66.86
76.48
66.86
76.48
66.86
76.48
66.86
76.48
66.86
76.48
66.86
76.48
66.86
76.48
66.86
76.48
66.86
76.48
66.86
76.48
66.86
76.48
66.86
76.48
66.86
76.48
66.86
76.48
66.86
76.48
66.86
76.48
66.86
76.48
66.86
76.48
66.86
76.48
66.86
76.48
66.86
76.48
66.86
76.48
66.86
76.48
66.86
76.48
66.86
76.48
66.86
76.48
66.86
76.48
66.86
76.48
66.86
76.48
66.86
76.48
66.86
76.48
66.86
76.48
66.86
76.48
66.86
76.48
66.86
76.48
66.86
76.48
66.86
76.48
66.86
76.48
66.86
76.48
77.96
84.25
75.45
77.96
75.45
84.25
69.52
77.96
69.52
75.45
77.96
84.25
69.52
75.45
77.96
69.52
75.45
69.52
77.96
84.25
75.45
84.25
77.96
69.52
77.96
75.45
77.96
75.45
69.52
84.25
69.52
84.25
69.52
77.96
84.25
69.52
75.45
77.96
84.25
75.45
84.25
75.45
84.25
77.96
69.52
75.45
77.96
69.52
75.45
77.96
84.25
69.52
77.96
69.52
77.96
75.45
77.96
69.52
77.96
69.52
84.25
75.45
69.52
84.25
75.45
69.52
84.25
75.45
69.52
84.25
69.52
84.25
77.96
84.25
69.52
84.25
75.45
69.52
77.96
69.52
84.25
77.96
84.25
77.96
84.25
75.45
77.96
84.25
91.41
74.20
83.32
74.20
79.36
66.15
74.20
68.27
66.15
77.74
74.20
77.74
68.27
66.15
74.20
79.36
91.41
77.74
68.27
66.15
74.20
77.74
83.32
77.74
91.41
77.74
83.32
68.27
77.74
74.20
79.36
68.27
83.32
91.41
83.32
79.36
74.20
79.36
91.41
74.20
68.27
74.20
66.15
77.74
66.15
77.74
91.41
79.36
66.15
91.41
77.74
91.41
74.20
79.36
77.74
66.15
74.20
91.41
79.36
68.27
79.36
66.15
79.36
74.20
91.41
77.74
66.15
74.20
77.74
79.36
77.74
68.27
66.15
74.20
79.36
77.74
83.32
74.20
77.74
74.20
68.27
66.15
91.41
74.20
91.41
74.20
77.74
83.32
77.74
79.36
91.41
68.27
77.74
66.15
91.41
68.27
66.15
77.74
66.15
68.27
77.74
83.32
66.15
79.36
66.15
74.20
79.36
77.74
66.15
91.41
68.27
77.74
91.41
77.74
74.20
77.74
83.32
77.74
66.15
83.32
74.20
66.15
91.41
74.20
79.36
68.27
74.20
79.36
68.27
83.32
79.36
69.73
90.92
83.05
73.54
83.05
91.66
80.28
83.05
77.05
80.28
75.22
69.73
83.05
83.30
77.05
80.28
83.05
91.66
90.92
83.30
77.05
80.28
83.05
83.30
75.22
73.54
83.30
90.92
75.22
73.54
90.92
77.05
83.30
75.22
83.05
91.66
77.05
69.73
73.54
91.66
83.05
91.66
73.54
69.73
75.22
69.73
77.05
75.22
83.05
77.05
80.28
69.73
83.30
80.28
83.30
90.92
91.66
80.28
90.92
75.22
90.92
83.05
91.66
83.30
80.28
83.05
90.92
91.66
77.05
91.66
80.28
91.66
83.05
75.22
90.92
75.22
77.05
83.05
75.22
69.73
91.66
83.30
90.92
77.05
83.05
91.66
75.22
73.54
83.05
75.22
83.05
77.05
90.92
80.28
73.54
83.05
75.22
90.92
73.54
83.05
75.22
69.73
73.54
75.22
83.30
91.66
90.92
77.05
75.22
69.73
80.28
73.54
77.05
75.22
91.66
77.05
83.30
73.54
91.66
69.73
83.05
91.66
83.30
80.28
73.54
90.92
73.54
77.05
83.30
90.92
75.22
83.05
75.22
73.54
75.22
80.28
73.54
75.22
80.28
69.73
90.92
83.05
91.66
77.05
83.05
91.66
90.92
73.54
91.66
79.10
74.75
86.15
74.75
99.16
86.15
94.15
74.75
94.15
99.16
74.75
86.15
79.10
94.15
99.16
74.75
65.70
94.15
79.10
94.15
79.10
94.15
79.10
99.16
65.70
94.15
74.75
86.15
99.16
79.10
65.70
74.75
65.70
79.10
74.75
99.16
74.75
99.16
65.70
86.15
65.70
79.10
65.70
86.15
79.10
94.15
79.10
74.75
86.15
94.15
86.15
74.75
79.10
86.15
99.16
65.70
86.15
74.75
79.10
94.15
99.16
74.75
94.15
65.70
94.15
99.16
74.75
86.15
94.15
74.75
94.15
74.75
99.16
86.15
79.10
74.75
79.10
74.75
94.15
65.70
99.16
94.15
86.15
79.10
99.16
94.15
86.15
99.16
94.15
86.15
65.70
86.15
74.75
65.70
94.15
65.70
86.15
79.10
99.16
65.70
79.10
94.15
74.75
94.15
86.15
74.75
86.15
79.10
74.75
86.15
99.16
74.75
65.70
99.16
65.70
76.01
62.45
70.71
76.01
74.42
112.48
76.80
105.18
76.01
105.18
67.61
74.42
62.45
76.01
67.61
85.09
76.01
74.42
73.71
62.45
67.61
74.42
105.18
62.45
70.71
85.09
62.45
67.61
76.01
76.80
73.71
76.80
112.48
73.71
62.45
85.09
112.48
62.45
70.71
76.01
73.71
76.80
74.42
105.18
62.45
76.01
112.48
73.71
70.71
74.42
73.71
62.45
70.71
76.01
76.80
112.48
62.45
76.80
74.42
70.71
74.42
67.61
76.01
67.61
70.71
112.48
73.71
67.61
73.71
62.45
73.71
105.18
70.71
62.45
70.71
85.09
62.45
70.71
74.42
105.18
73.71
67.61
74.42
62.45
105.18
62.45
73.71
67.61
105.18
74.42
76.80
62.45
70.71
85.09
67.61
76.80
76.01
70.71
73.71
85.09
62.45
67.61
74.42
105.18
85.09
112.48
74.42
76.01
85.09
76.80
70.71
74.42
62.45
67.61
112.48
70.71
76.80
62.45
112.48
74.42
76.80
85.09
76.01
112.48
85.09
73.71
62.45
70.71
76.01
85.09
112.48
105.18
62.45
67.61
85.09
105.18
62.45
85.09
112.48
105.18
73.71
76.01
105.18
112.48
74.42
76.80
73.71
76.01
73.71
67.61
105.18
112.48
62.45
112.48
62.45
73.71
62.45
76.80
76.01
74.42
85.09
112.48
85.09
105.18
112.48
76.80
67.61
112.48
62.45
74.42
105.18
62.45
74.42
70.71
73.71
62.45
112.48
76.01
73.71
76.62
93.05
76.62
93.05
76.62
93.05
76.62
93.05
76.62
93.05
76.62
93.05
76.62
93.05
76.62
93.05
76.62
93.05
76.62
93.05
76.62
93.05
76.62
93.05
76.62
93.05
76.62
93.05
76.62
93.05
76.62
93.05
76.62
93.05
76.62
93.05
76.62
93.05
76.62
93.05
76.62
93.05
76.62
93.05
76.62
93.05
76.62
93.05
76.62
93.05
76.62
93.05
76.62
93.05
76.62
93.05
76.62
93.05
80.89
77.64
78.25
77.64
80.89
78.25
90.95
77.64
90.95
80.89
78.25
77.64
78.25
90.95
80.89
78.25
77.64
90.95
80.89
90.95
80.89
90.95
77.64
78.25
80.89
90.95
77.64
90.95
77.64
80.89
90.95
77.64
78.25
90.95
78.25
90.95
80.89
90.95
78.25
80.89
90.95
77.64
78.25
90.95
78.25
77.64
78.25
80.89
90.95
78.25
77.64
90.95
78.25
77.64
90.95
80.89
78.25
77.64
90.95
77.64
90.95
77.64
80.89
78.25
77.64
90.95
80.89
77.64
90.95
80.89
90.95
78.25
80.89
78.25
90.95
78.25
90.95
78.25
90.95
78.25
77.64
90.95
78.25
80.89
90.95
77.64
90.95
78.25
90.95
77.64
78.25
80.89
77.64
90.95
80.89
77.64
90.95
80.89
90.95
74.11
94.79
84.89
85.57
94.79
85.57
84.89
94.79
85.57
94.79
84.89
74.11
94.79
85.57
94.79
74.11
94.79
74.11
94.79
74.11
85.57
84.61
94.79
84.89
85.57
74.11
84.61
94.79
84.61
74.11
94.79
85.57
94.79
85.57
94.79
85.57
84.89
94.79
74.11
84.61
84.89
74.11
94.79
74.11
94.79
84.89
84.61
94.79
85.57
94.79
74.11
84.89
85.57
84.61
85.57
84.89
94.79
74.11
94.79
85.57
94.79
84.61
94.79
85.57
94.79
84.61
94.79
85.57
74.11
94.79
74.11
94.79
84.61
85.57
94.79
84.89
74.11
85.57
94.79
84.89
85.57
94.79
84.89
84.61
84.89
94.79
84.61
94.79
84.61
85.57
84.89
74.11
85.57
94.79
74.11
94.79
84.89
94.79
84.89
74.11
94.79
84.61
85.57
94.79
84.61
85.57
84.61
83.39
83.10
79.91
83.39
79.91
83.10
83.39
79.91
83.39
83.10
83.39
79.91
83.39
83.10
83.39
79.91
83.10
83.39
83.10
79.91
83.10
83.39
83.10
83.39
79.91
83.39
79.91
83.10
83.39
83.10
83.39
79.91
83.39
83.10
79.91
83.10
79.91
83.10
83.39
79.91
83.39
83.10
83.39
79.91
83.39
83.10
83.39
79.91
83.10
83.39
83.10
83.39
83.10
79.91
83.39
83.10
79.91
83.39
83.10
83.39
83.10
83.39
83.10
83.39
83.10
83.39
83.10
83.39
83.10
79.91
83.39
83.10
75.38
84.62
94.74
86.78
84.62
75.38
94.74
84.62
90.79
75.38
86.78
84.62
94.74
90.79
75.38
86.78
84.62
90.79
84.62
90.79
75.38
84.62
75.38
86.78
90.79
84.62
94.74
75.38
90.79
84.62
90.79
84.62
75.38
84.62
86.78
90.79
94.74
90.79
75.38
94.74
75.38
84.62
94.74
90.79
86.78
84.62
94.74
86.78
90.79
86.78
94.74
84.62
86.78
84.62
90.79
75.38
86.78
84.62
94.74
84.62
75.38
94.74
84.62
90.79
75.38
84.62
94.74
75.38
86.78
84.62
94.74
86.78
84.62
94.74
90.79
94.74
84.62
94.74
90.79
94.74
75.38
90.79
84.62
94.74
84.62
94.74
75.38
84.62
94.74
75.38
84.62
94.74
75.38
90.79
82.49
83.57
83.72
82.49
83.72
84.46
82.49
84.46
83.72
83.57
84.46
83.72
82.49
83.72
84.46
83.57
84.46
83.72
84.46
82.49
84.46
83.57
84.46
83.72
84.46
83.72
82.49
84.46
83.57
83.72
82.49
83.57
84.46
83.72
84.46
83.57
82.49
84.46
83.72
84.46
82.49
83.72
82.49
83.57
83.72
84.46
82.49
84.46
82.49
84.46
83.57
84.46
83.57
83.72
82.49
83.72
84.46
83.72
83.57
84.46
83.57
84.46
83.72
83.57
83.72
83.57
83.72
82.49
84.46
83.57
83.72
84.46
83.72
82.49
83.72
83.57
84.46
82.49
83.72
83.57
82.49
83.72
82.49
83.72
84.46
83.57
82.49
83.72
82.49
84.46
82.49
83.57
83.72
84.46
83.57
83.72
82.49
84.46
82.49
83.72
84.46
82.49
84.46
82.49
83.57
82.49
83.57
84.46
82.49
83.72
82.49
83.72
82.49
83.72
84.46
82.49
83.72
84.46
82.49
83.57
83.72
84.46
83.57
83.72
84.46
83.57
82.49
84.46
83.17
84.30
89.21
79.21
84.30
83.17
79.21
75.28
84.30
75.28
83.17
79.21
84.30
79.21
83.17
75.28
83.17
79.21
89.21
86.52
75.28
83.17
75.28
83.17
86.52
89.21
84.30
79.21
83.17
79.21
84.30
86.52
89.21
83.17
89.21
84.30
89.21
83.17
79.21
86.52
79.21
86.52
83.17
79.21
83.17
75.28
83.17
84.30
79.21
75.28
79.21
84.30
83.17
79.21
83.17
86.52
79.21
84.30
89.21
83.17
75.28
83.17
89.21
86.52
75.28
83.17
84.30
79.21
75.28
84.30
75.28
89.21
84.30
83.17
79.21
89.21
83.17
84.30
89.21
75.28
86.52
79.21
83.17
75.28
79.21
83.17
75.28
79.21
83.17
75.28
79.21
86.52
79.21
84.30
89.21
79.21
86.52
75.28
86.52
79.21
83.17
75.28
83.17
89.21
84.30
75.28
79.21
89.21
79.21
83.17
84.30
79.21
83.17
84.30
79.21
83.17
79.21
89.24
109.23
91.41
89.24
91.41
94.10
89.24
94.10
91.41
89.24
109.23
94.10
91.41
89.24
94.10
89.24
94.10
91.41
94.10
89.24
109.23
89.24
109.23
89.24
91.41
94.10
91.41
94.10
109.23
94.10
89.24
109.23
94.10
91.41
89.24
109.23
91.41
109.23
91.41
109.23
89.24
91.41
89.24
109.23
94.10
91.41
89.24
109.23
89.24
94.10
89.24
91.41
89.24
94.10
109.23
94.10
91.41
94.10
109.23
91.41
94.10
109.23
89.24
109.23
94.10
91.41
94.10
89.24
94.10
91.41
89.24
91.41
89.24
109.23
89.24
109.23
80.28
69.44
91.09
80.28
91.09
85.35
80.28
85.35
91.09
80.28
69.44
85.35
91.09
80.28
85.35
80.28
85.35
80.28
69.44
85.35
80.28
85.35
80.28
91.09
85.35
91.09
85.35
69.44
80.28
69.44
85.35
91.09
80.28
69.44
85.35
91.09
69.44
80.28
85.35
80.28
69.44
80.28
91.09
80.28
85.35
69.44
85.35
91.09
85.35
69.44
85.35
69.44
85.35
69.44
80.28
69.44
85.35
91.09
69.44
85.35
80.28
85.35
80.28
69.44
80.28
91.09
80.28
69.44
80.28
69.44
82.78
89.32
102.61
89.32
85.19
102.61
66.40
89.32
85.93
82.78
85.19
89.32
102.61
85.93
85.19
89.32
85.93
66.40
85.93
82.78
66.40
82.78
85.19
85.93
66.40
89.32
102.61
85.19
85.93
89.32
85.93
89.32
85.19
89.32
85.19
85.93
102.61
85.93
82.78
85.93
102.61
82.78
66.40
82.78
89.32
102.61
85.93
85.19
89.32
82.78
102.61
85.19
85.93
102.61
89.32
82.78
66.40
85.19
89.32
66.40
85.93
82.78
85.19
89.32
85.93
66.40
89.32
66.40
89.32
85.19
82.78
102.61
89.32
66.40
89.32
82.78
89.32
66.40
85.93
82.78
66.40
102.61
82.78
85.19
66.40
102.61
85.19
66.40
102.61
85.93
102.61
89.32
85.93
102.61
82.78
85.19
85.93
66.40
89.32
66.40
102.61
66.40
89.32
102.61
82.78
89.32
85.93
85.19
89.32
85.93
82.78
85.93
100.25
92.27
140.98
92.27
98.64
94.14
108.16
94.14
92.27
94.14
92.27
94.14
92.27
108.16
100.25
92.27
94.14
92.27
98.64
92.27
100.25
98.64
94.14
100.25
92.27
100.25
140.98
94.14
98.64
92.27
98.64
94.14
140.98
100.25
139.10
98.64
92.27
98.64
100.25
92.27
139.10
94.14
92.27
94.14
98.64
94.14
98.64
94.14
98.64
108.16
100.25
92.27
100.25
92.27
98.64
94.14
92.27
100.25
108.16
94.14
98.64
94.14
108.16
92.27
100.25
92.27
94.14
92.27
98.64
92.27
94.14
92.27
98.64
92.27
140.98
92.27
94.14
100.25
92.27
100.25
92.27
140.98
92.27
98.64
94.14
92.27
94.14
100.25
94.14
92.27
108.16
94.14
92.27
140.98
108.16
98.64
108.16
139.10
92.27
98.64
94.14
108.16
139.10
94.14
139.10
94.14
98.64
100.25
92.27
139.10
92.27
94.14
139.10
92.27
94.14
139.10
100.25
92.27
98.64
94.14
92.27
98.64
94.14
140.98
98.64
80.24
70.02
80.24
70.02
70.44
80.46
70.02
90.33
80.46
75.11
70.02
75.11
90.33
80.46
70.02
70.44
80.24
75.11
90.33
80.46
70.02
70.44
75.11
80.24
75.11
80.24
75.11
80.24
90.33
80.46
70.44
75.11
70.02
70.44
90.33
80.24
70.44
70.02
70.44
80.24
70.02
80.24
90.33
70.02
80.46
80.24
70.44
80.46
70.44
80.24
70.44
80.24
75.11
80.24
70.02
70.44
80.46
70.02
80.24
70.44
80.46
70.44
80.46
70.44
70.02
80.24
75.11
80.46
70.02
75.11
70.44
75.11
90.33
80.46
70.02
70.44
75.11
80.24
70.02
75.11
70.02
90.33
80.46
80.24
70.02
80.24
70.02
75.11
80.24
75.11
70.44
80.24
90.33
75.11
80.24
70.44
80.24
90.33
80.46
75.11
70.44
80.46
75.11
80.24
70.44
80.24
70.02
70.44
75.11
70.44
80.46
70.44
80.24
90.33
70.44
80.24
75.11
70.02
75.11
80.24
75.11
70.44
80.24
70.02
80.46
80.24
70.02
70.44
90.33
70.02
70.44
90.33
80.24
70.44
82.89
70.64
82.32
82.89
82.32
79.19
82.89
79.19
82.32
82.89
70.64
79.19
82.32
82.89
70.64
79.19
82.32
70.64
79.19
82.89
70.64
82.32
70.64
82.89
70.64
79.19
82.32
79.19
82.89
82.32
70.64
82.32
70.64
82.32
79.19
82.89
70.64
79.19
82.32
82.89
70.64
82.32
70.64
82.32
70.64
82.89
79.19
82.32
82.89
79.19
70.64
79.19
82.32
82.89
70.64
79.19
82.89
79.19
82.89
82.32
82.89
79.19
82.89
79.19
70.64
79.19
82.32
79.19
82.32
79.19
82.32
70.64
82.32
82.89
70.64
79.19
70.64
82.32
70.64
79.19
82.89
79.19
82.32
79.19
82.32
82.89
70.64
82.89
70.64
99.59
73.81
99.59
77.40
73.81
71.88
99.59
71.88
77.40
73.81
99.59
73.81
71.88
77.40
73.81
99.59
71.88
99.59
71.88
77.40
71.88
99.59
77.81
77.40
77.81
99.59
77.81
99.59
77.40
99.59
73.81
71.88
73.81
71.88
77.81
73.81
71.88
99.59
77.81
71.88
73.81
99.59
73.81
77.40
77.81
73.81
99.59
71.88
73.81
99.59
77.81
71.88
77.40
73.81
99.59
77.81
71.88
99.59
71.88
99.59
77.40
73.81
99.59
71.88
77.81
77.40
71.88
73.81
77.40
73.81
71.88
73.81
77.40
71.88
73.81
77.81
73.81
99.59
77.81
71.88
73.81
77.40
71.88
99.59
71.88
73.81
99.59
73.81
99.59
77.81
77.40
99.59
77.81
77.40
77.81
88.49
87.09
88.49
75.05
88.49
75.05
63.13
97.89
88.49
97.89
75.05
64.03
97.89
72.77
88.49
75.05
72.77
64.03
75.05
97.89
87.09
72.77
64.03
88.49
75.05
72.77
87.09
72.77
64.03
87.09
72.77
87.09
64.03
88.49
63.13
72.77
75.05
63.13
64.03
88.49
87.09
88.49
63.13
75.05
63.13
87.09
88.49
75.05
88.49
64.03
75.05
64.03
88.49
64.03
88.49
72.77
97.89
72.77
64.03
63.13
97.89
87.09
72.77
87.09
75.05
63.13
72.77
97.89
75.05
87.09
97.89
64.03
63.13
97.89
63.13
75.05
87.09
72.77
64.03
75.05
72.77
88.49
63.13
72.77
64.03
75.05
63.13
72.77
88.49
75.05
72.77
75.05
64.03
97.89
87.09
75.05
72.77
75.05
87.09
75.05
72.77
88.49
72.77
63.13
64.03
88.49
72.77
88.49
97.89
87.09
64.03
72.77
97.89
64.03
72.77
88.49
97.89
63.13
88.49
97.89
88.49
75.05
63.13
72.77
88.49
63.13
97.89
88.49
64.03
88.49
64.03
72.77
87.09
72.77
88.49
75.05
72.77
88.49
72.77
97.89
88.49
72.77
75.05
97.89
88.49
87.09
75.05
63.13
64.03
75.05
63.13
64.03
88.49
63.13
69.10
85.23
69.10
85.23
69.10
85.23
69.10
85.23
69.10
85.23
69.10
85.23
69.10
85.23
69.10
85.23
69.10
85.23
69.10
85.23
69.10
85.23
69.10
85.23
69.10
85.23
69.10
85.23
69.10
85.23
69.10
85.23
69.10
85.23
69.10
85.23
69.10
85.23
69.10
85.23
69.10
85.23
69.10
85.23
69.10
85.23
69.10
85.23
69.10
85.23
69.10
85.23
69.10
85.23
69.10
85.23
69.10
85.23
69.10
85.23
69.10
85.23
69.10
85.23
69.10
85.23
69.10
85.23
69.10
85.23
69.10
85.23
69.10
85.23
69.10
85.23
69.10
85.23
69.10
85.23
69.10
85.23
69.10
85.23
69.10
85.23
69.10
85.23
69.10
85.23
69.31
80.36
69.31
80.36
69.31
80.36
69.31
80.36
69.31
80.36
69.31
80.36
69.31
80.36
69.31
80.36
69.31
80.36
69.31
80.36
69.31
80.36
69.31
80.36
69.31
80.36
69.31
80.36
69.31
80.36
69.31
80.36
69.31
80.36
69.31
80.36
69.31
80.36
69.31
80.36
69.31
80.36
69.31
80.36
69.31
80.36
69.31
80.36
69.31
80.36
69.31
80.36
69.31
80.36
69.31
80.36
69.31
80.36
69.31
80.36
69.31
80.36
69.31
80.36
69.31
80.36
69.31
80.36
69.31
80.36
69.31
79.48
67.30
62.65
57.60
80.09
86.58
80.09
86.58
80.09
86.58
80.09
86.58
80.09
86.58
80.09
86.58
80.09
86.58
80.09
86.58
80.09
86.58
80.09
86.58
80.09
86.58
80.09
86.58
80.09
86.58
80.09
86.58
80.09
86.58
80.09
86.58
80.09
86.58
80.09
86.58
80.15
79.82
84.89
76.45
73.48
84.89
73.48
89.00
84.89
89.00
73.48
89.00
73.48
84.89
73.48
89.00
73.48
76.45
73.48
89.00
73.48
76.45
73.48
76.45
73.48
76.45
89.00
73.48
89.00
84.89
76.45
84.89
73.48
76.45
84.89
73.48
84.89
89.00
73.48
89.00
84.89
89.00
84.89
73.48
89.00
73.48
76.45
73.48
89.00
76.45
73.48
76.45
73.48
89.00
73.48
76.45
73.48
89.00
73.48
89.00
73.48
76.45
73.48
89.00
73.48
84.89
73.48
76.45
89.00
73.48
84.89
73.48
89.00
76.45
89.00
76.45
73.48
76.45
73.48
84.89
73.48
76.45
84.89
73.48
84.89
89.00
76.45
89.00
73.48
89.00
73.48
84.89
89.00
73.48
89.00
84.89
73.48
84.89
73.48
89.00
84.89
76.45
84.89
89.00
73.48
76.45
73.48
84.89
73.48
89.00
84.89
73.48
89.00
84.89
76.45
73.48
89.00
73.48
76.45
84.89
73.48
86.02
70.47
68.84
62.15
82.52
66.96
77.30
66.96
77.30
66.96
77.30
66.96
77.30
82.52
66.96
77.30
66.96
82.52
66.96
82.52
66.96
82.52
77.30
66.96
77.30
82.52
66.96
82.52
66.96
77.30
66.96
77.30
66.96
77.30
66.96
82.52
66.96
77.30
82.52
66.96
82.52
66.96
77.30
66.96
77.30
66.96
82.52
77.30
66.96
77.30
66.96
82.52
66.96
77.30
66.96
77.30
66.96
77.30
82.52
66.96
82.52
66.96
82.52
77.30
66.96
77.30
82.52
77.30
66.96
77.30
66.96
77.30
66.96
77.30
66.96
77.30
82.52
77.30
66.96
82.52
66.96
77.30
66.96
77.30
82.52
66.96
77.30
66.96
82.52
66.96
54.24
51.01
63.37
69.41
66.19
72.88
71.47
67.76
74.58
76.69
84.30
54.94
84.30
54.94
84.30
54.94
84.30
54.94
84.30
54.94
84.30
54.94
84.30
54.94
84.30
54.94
84.30
54.94
84.30
54.94
84.30
54.94
84.30
54.94
84.30
54.94
84.30
54.94
84.30
54.94
84.30
54.94
84.30
54.94
84.30
54.94
84.30
54.94
84.30
54.94
84.30
54.94
84.30
54.94
84.30
54.94
84.30
54.94
84.30
54.94
84.30
54.94
84.30
54.94
84.30
54.94
64.54
76.64
67.03
64.54
67.03
76.64
67.03
76.64
67.03
64.54
67.03
76.64
67.03
76.64
64.54
67.03
76.64
67.03
64.54
67.03
76.64
67.03
64.54
76.64
67.03
76.64
64.54
67.03
64.54
67.03
64.54
76.64
67.03
76.64
64.54
67.03
76.64
67.03
76.64
67.03
76.64
67.03
64.54
67.03
76.64
67.03
76.64
67.03
76.64
67.03
76.64
67.03
76.64
67.03
76.64
67.03
64.54
67.03
76.64
67.03
76.64
67.03
64.54
67.03
76.64
64.54
67.03
76.64
64.54
67.03
64.54
67.03
76.64
67.03
64.54
76.64
64.54
76.64
67.03
76.64
67.03
64.54
76.64
67.03
76.64
64.54
67.03
76.64
67.03
76.64
64.54
76.64
64.54
76.64
67.03
64.54
67.03
64.54
67.03
76.64
64.54
67.03
76.64
64.54
76.64
67.03
76.64
67.03
76.64
64.54
67.03
76.75
63.75
76.75
63.32
63.75
63.32
59.30
76.75
59.30
63.32
59.30
76.75
59.30
63.32
76.75
63.32
59.30
63.32
59.30
63.75
63.32
59.30
76.75
63.32
63.75
63.32
63.75
63.32
63.75
59.30
76.75
63.32
59.30
76.75
63.75
63.32
63.75
76.75
63.32
63.75
59.30
63.32
59.30
76.75
59.30
76.75
63.32
59.30
63.32
63.75
63.32
59.30
63.75
63.32
63.75
63.32
59.30
63.32
59.30
63.32
63.75
59.30
63.32
59.30
63.32
63.75
63.32
59.30
63.32
76.75
63.32
59.30
63.32
63.75
63.32
76.75
63.32
76.75
63.32
59.30
63.75
63.32
63.75
63.32
76.75
63.75
63.32
63.75
59.30
76.75
63.32
76.75
59.30
63.75
59.30
63.32
59.30
63.32
63.75
59.30
63.32
76.75
59.30
63.75
63.32
76.75
63.32
59.30
63.75
59.30
63.32
63.75
63.32
76.75
63.32
63.75
63.32
59.30
63.75
63.32
59.30
63.75
63.32
59.30
63.32
59.30
63.75
76.75
63.32
55.17
71.58
55.17
71.58
55.17
71.58
55.17
71.58
55.17
71.58
55.17
71.58
55.17
71.58
55.17
71.58
55.17
71.58
55.17
71.58
55.17
71.58
55.17
71.58
55.17
71.58
55.17
71.58
55.17
71.58
55.17
71.58
55.17
71.58
55.17
71.58
55.17
71.58
55.17
71.58
55.17
71.58
55.17
71.58
55.17
71.58
55.17
71.58
55.17
71.58
55.17
71.58
55.17
71.58
55.17
71.58
55.17
71.58
55.17
71.58
55.17
71.58
55.17
71.58
55.17
71.58
55.17
71.58
55.17
71.58
55.17
71.58
55.17
71.58
55.17
71.58
55.17
71.58
55.17
71.58
55.17
71.58
66.16
63.23
66.16
63.23
66.16
63.23
66.16
63.23
66.16
63.23
66.16
63.23
66.16
63.23
66.16
63.23
66.16
63.23
66.16
63.23
66.16
63.23
66.16
63.23
66.16
63.23
66.16
63.23
66.16
63.23
66.16
63.23
66.16
63.23
66.16
63.23
66.16
63.23
66.16
63.23
66.16
63.23
66.16
63.23
66.16
63.23
66.16
63.23
66.16
63.23
66.16
63.23
66.16
63.23
66.16
63.23
66.16
63.23
66.16
63.23
66.16
63.23
66.16
63.23
66.16
63.23
66.16
63.23
66.16
63.23
66.16
63.23
66.16
63.23
66.16
63.23
68.94
68.09
64.68
68.94
64.68
71.07
68.94
71.07
64.68
71.07
68.94
64.68
71.07
68.09
71.07
64.68
71.07
68.09
71.07
68.09
71.07
68.94
64.68
71.07
64.68
68.94
71.07
68.09
71.07
68.09
68.94
68.09
71.07
64.68
71.07
68.09
68.94
68.09
68.94
71.07
64.68
71.07
68.09
68.94
64.68
68.94
71.07
64.68
71.07
68.94
71.07
68.94
71.07
68.09
71.07
68.09
64.68
68.09
64.68
71.07
64.68
68.09
71.07
64.68
68.09
64.68
71.07
64.68
68.94
71.07
68.09
71.07
64.68
71.07
64.68
68.94
64.68
68.09
71.07
68.09
64.68
68.09
64.68
68.94
71.07
68.09
68.94
71.07
68.94
71.07
68.09
71.07
68.94
71.07
68.94
64.68
71.07
68.94
71.07
68.94
68.09
68.94
68.09
71.07
68.09
64.68
68.94
64.68
71.07
68.94
64.68
71.07
68.94
64.68
71.07
68.94
68.09
64.68
71.07
68.09
64.68
71.07
68.09
68.94
71.07
67.32
86.76
70.78
78.44
70.78
78.44
70.78
78.44
70.78
78.44
70.78
78.44
70.78
78.44
86.76
78.44
86.76
78.44
70.78
78.44
70.78
78.44
70.78
78.44
70.78
78.44
86.76
78.44
86.76
78.44
86.76
70.78
78.44
70.78
86.76
78.44
70.78
86.76
70.78
78.44
70.78
78.44
86.76
78.44
70.78
78.44
70.78
78.44
70.78
78.44
86.76
78.44
70.78
86.76
70.78
78.44
86.76
78.44
70.78
78.44
86.76
78.44
86.76
70.78
78.44
70.78
78.44
86.76
70.78
78.44
70.78
78.44
86.76
78.44
72.22
79.98
71.08
69.27
79.98
69.27
79.98
72.22
69.27
79.98
71.08
104.85
79.98
72.22
69.27
79.98
71.08
79.98
71.08
72.22
104.85
79.98
72.22
69.27
71.08
79.98
71.08
69.27
71.08
79.98
71.08
104.85
79.98
69.27
79.98
69.27
71.08
69.27
71.08
72.22
71.08
69.27
104.85
79.98
104.85
79.98
71.08
69.27
79.98
104.85
71.08
69.27
71.08
69.27
71.08
79.98
104.85
79.98
69.27
79.98
71.08
79.98
72.22
69.27
79.98
71.08
79.98
72.22
69.27
79.98
104.85
79.98
71.08
72.22
79.98
69.27
104.85
72.22
69.27
79.98
71.08
69.27
79.98
71.08
79.98
71.08
69.27
72.22
71.08
104.85
79.98
69.27
79.98
69.27
72.22
79.98
71.08
72.22
79.98
71.08
72.22
71.08
75.41
73.20
75.41
73.20
63.98
73.20
63.98
73.20
63.98
73.20
75.41
73.20
63.98
73.20
75.41
73.20
75.41
73.20
75.41
63.98
73.20
63.98
75.41
73.20
75.41
73.20
75.41
63.98
73.20
63.98
73.20
63.98
73.20
75.41
73.20
75.41
73.20
75.41
73.20
63.98
73.20
75.41
73.20
63.98
73.20
63.98
73.20
75.41
73.20
63.98
73.20
63.98
73.20
75.41
73.20
63.98
75.41
73.20
75.41
73.20
75.41
73.20
75.41
63.98
73.20
75.41
63.98
73.20
63.98
73.20
75.41
73.20
63.98
73.20
75.41
63.98
73.20
75.41
73.20
75.41
73.20
75.41
73.20
63.98
75.41
73.20
63.98
73.20
63.98
75.41
73.20
82.56
62.27
82.56
62.27
66.24
62.27
66.24
62.27
66.24
62.27
66.24
82.56
62.27
66.24
62.27
66.24
62.27
82.56
66.24
82.56
62.27
82.56
66.24
62.27
66.24
82.56
66.24
62.27
66.24
82.56
62.27
66.24
62.27
66.24
82.56
66.24
82.56
62.27
82.56
62.27
66.24
62.27
82.56
66.24
62.27
82.56
62.27
66.24
62.27
66.24
62.27
66.24
62.27
66.24
62.27
82.56
62.27
66.24
82.56
62.27
82.56
62.27
82.56
62.27
66.24
82.56
66.24
62.27
66.24
82.56
66.24
62.27
66.24
62.27
82.56
66.24
62.27
66.24
62.27
66.24
82.56
66.24
82.56
62.27
82.56
62.27
66.24
82.56
62.27
66.24
82.56
62.27
66.24
62.27
66.24
82.56
66.24
71.41
61.38
63.46
61.38
63.46
75.08
61.38
75.08
63.46
61.38
63.46
75.08
63.46
61.38
75.08
61.38
75.08
71.41
75.08
71.41
63.46
75.08
61.38
63.46
75.08
61.38
75.08
61.38
63.46
61.38
63.46
75.08
63.46
75.08
71.41
75.08
63.46
71.41
75.08
71.41
61.38
63.46
75.08
63.46
61.38
71.41
63.46
75.08
63.46
61.38
71.41
75.08
63.46
61.38
75.08
71.41
63.46
61.38
63.46
75.08
61.38
75.08
61.38
63.46
71.41
63.46
61.38
71.41
61.38
75.08
71.41
63.46
75.08
63.46
75.08
63.46
75.08
63.46
75.08
63.46
61.38
75.08
63.46
71.41
63.46
75.08
71.41
61.38
75.08
63.46
61.38
63.46
71.41
61.38
63.46
61.38
63.46
71.41
75.08
68.55
62.21
68.55
62.21
75.24
62.21
75.24
88.14
62.21
88.14
68.55
75.24
62.21
75.24
68.55
88.14
68.55
75.24
62.21
75.24
62.21
68.55
88.14
68.55
88.14
68.55
75.24
62.21
75.24
68.55
75.24
62.21
75.24
68.55
62.21
68.55
75.24
62.21
75.24
68.55
75.24
68.55
88.14
68.55
62.21
75.24
88.14
75.24
62.21
68.55
75.24
62.21
68.55
88.14
75.24
62.21
75.24
88.14
68.55
75.24
62.21
75.24
88.14
68.55
62.21
88.14
62.21
68.55
75.24
68.55
62.21
68.55
62.21
88.14
68.55
88.14
75.24
68.55
88.14
75.24
68.55
75.24
88.14
75.24
88.14
68.55
75.24
62.21
75.24
88.14
75.24
68.55
75.24
68.55
62.21
88.14
68.55
88.14
75.24
68.55
62.21
75.24
68.55
62.21
75.24
68.55
62.21
75.24
68.55
75.24
76.64
79.45
71.60
63.83
79.45
63.83
71.60
63.83
79.45
63.83
71.60
63.83
71.60
63.83
71.60
63.83
79.45
63.83
71.60
63.83
71.60
79.45
71.60
63.83
71.60
79.45
71.60
79.45
63.83
71.60
79.45
63.83
79.45
71.60
63.83
71.60
79.45
63.83
71.60
63.83
71.60
63.83
71.60
63.83
71.60
63.83
71.60
63.83
71.60
63.83
71.60
63.83
79.45
63.83
71.60
63.83
79.45
63.83
71.60
63.83
71.60
63.83
71.60
63.83
79.45
63.83
71.60
63.83
79.45
63.83
71.60
63.83
71.60
63.83
79.45
63.83
79.45
63.83
79.45
71.60
79.45
71.60
63.83
71.60
63.83
79.45
63.83
79.45
63.83
79.45
71.60
63.83
71.60
63.83
71.60
79.45
63.83
71.00
79.37
81.96
79.37
81.96
79.37
81.96
79.37
81.96
79.37
81.96
79.37
81.96
79.37
81.96
79.37
81.96
79.37
81.96
79.37
81.96
79.37
81.96
79.37
81.96
79.37
81.96
79.37
81.96
79.37
81.96
79.37
81.96
79.37
81.96
79.37
81.96
79.37
81.96
79.37
81.96
79.37
81.96
79.37
81.96
79.37
81.96
79.37
81.96
79.37
81.96
79.37
81.96
79.37
81.96
79.37
81.96
79.37
81.96
79.37
81.96
79.37
81.96
79.37
81.96
79.37
69.35
72.28
69.35
72.28
69.35
72.28
69.35
72.28
69.35
72.28
69.35
72.28
69.35
72.28
69.35
72.28
69.35
72.28
69.35
72.28
69.35
72.28
69.35
72.28
69.35
72.28
69.35
72.28
69.35
72.28
69.35
72.28
69.35
72.28
69.35
72.28
69.35
72.28
69.35
72.28
69.35
72.28
69.35
72.28
69.35
72.28
69.35
72.28
69.35
72.28
69.35
72.28
69.35
72.28
69.35
72.28
69.35
72.28
69.35
72.28
69.35
72.28
69.35
72.28
69.35
72.28
69.35
72.28
69.35
72.28
59.12
57.98
59.12
57.98
59.12
57.98
59.12
57.98
59.12
57.98
59.12
57.98
59.12
57.98
59.12
57.98
59.12
57.98
59.12
57.98
59.12
57.98
59.12
57.98
59.12
57.98
59.12
57.98
59.12
57.98
59.12
57.98
59.12
57.98
59.12
57.98
59.12
57.98
59.12
57.98
59.12
57.98
59.12
57.98
59.12
57.98
59.12
57.98
59.12
57.98
59.12
79.10
76.37
70.30
76.37
79.10
76.37
79.10
76.37
79.10
76.37
70.30
76.37
79.10
76.37
70.30
76.37
79.10
76.37
70.30
79.10
76.37
79.10
70.30
76.37
70.30
76.37
79.10
76.37
79.10
76.37
79.10
76.37
79.10
76.37
79.10
76.37
79.10
76.37
79.10
76.37
79.10
76.37
79.10
76.37
79.10
76.37
79.10
76.37
79.10
76.37
79.10
76.37
70.30
76.37
79.10
70.30
76.37
79.10
70.30
76.37
70.30
76.37
79.10
76.37
70.30
79.10
76.37
79.10
76.37
70.30
76.37
79.10
76.37
70.30
79.10
70.30
79.10
76.37
70.30
76.37
70.30
76.37
70.30
76.37
79.10
76.37
79.10
76.37
79.10
70.30
76.37
60.32
63.99
60.32
63.99
60.32
63.99
60.32
63.99
60.32
63.99
60.32
63.99
60.32
63.99
60.32
63.99
60.32
63.99
60.32
63.99
60.32
63.99
60.32
63.99
60.32
63.99
60.32
63.99
60.32
63.99
60.32
63.99
60.32
63.99
60.32
63.99
60.32
63.99
60.32
63.99
60.32
63.99
60.32
63.99
60.32
63.99
60.32
63.99
60.32
63.99
60.32
63.99
60.32
63.99
60.32
63.99
60.32
63.99
60.32
63.99
60.32
63.99
60.32
63.99
60.32
63.99
60.32
63.99
60.32
63.99
60.32
63.99
60.32
63.99
60.32
63.99
60.32
63.99
60.32
63.99
60.32
63.99
60.32
63.99
60.32
63.99
60.32
63.99
60.32
63.99
55.18
54.88
65.45
54.88
65.45
54.88
65.45
54.88
65.45
55.18
54.88
65.45
54.88
55.18
54.88
55.18
65.45
54.88
65.45
55.18
54.88
55.18
54.88
65.45
54.88
65.45
54.88
65.45
54.88
55.18
54.88
65.45
55.18
54.88
55.18
54.88
65.45
54.88
55.18
65.45
54.88
65.45
54.88
55.18
54.88
65.45
54.88
55.18
65.45
54.88
65.45
55.18
65.45
55.18
54.88
55.18
54.88
55.18
54.88
65.45
55.18
65.45
54.88
65.45
54.88
65.45
54.88
65.45
54.88
65.45
55.18
65.45
54.88
55.18
54.88
65.45
54.88
65.45
55.18
54.88
65.45
54.88
55.18
54.88
54.45
60.15
70.34
60.15
70.34
60.15
54.45
70.34
60.15
70.34
54.45
60.15
54.45
70.34
60.15
54.45
60.15
54.45
70.34
60.15
70.34
54.45
70.34
60.15
54.45
60.15
54.45
60.15
70.34
60.15
70.34
60.15
54.45
70.34
54.45
60.15
54.45
60.15
70.34
60.15
70.34
60.15
54.45
70.34
60.15
54.45
60.15
70.34
60.15
54.45
70.34
60.15
70.34
60.15
54.45
70.34
54.45
60.15
54.45
60.15
70.34
54.45
60.15
70.34
54.45
70.34
60.15
70.34
60.15
70.34
60.15
70.34
60.15
70.34
60.15
70.34
54.45
60.15
54.45
60.15
70.34
60.15
70.34
54.45
60.15
70.34
54.45
60.15
70.34
54.45
70.34
